6.042283485767413476e-01,1.546388473086801330e-01,7.743599163528955276e-02,4.865566690810446682e-02,3.374797783340210272e-02,6.270006074479325675e-02,1.859310699298906758e-02
6.515322728701072874e-01,1.522397632618061047e-01,6.055898022241897050e-02,2.943559435139499192e-02,3.557354441009165369e-02,4.507221308447523223e-02,2.558763179970584278e-02
5.992131598917033175e-01,1.457122849630443362e-01,7.299195157126124600e-02,4.525280276659926493e-02,4.872553194097517526e-02,6.860384974024553995e-02,1.950041912617114445e-02
5.308325551351138483e-01,1.490198572761349816e-01,9.795458577497133390e-02,8.302870438741025150e-02,2.842106045131925773e-02,9.829545669401282271e-02,1.244778028103746964e-02
6.166544049532781679e-01,1.523595522191792118e-01,7.195401859255193266e-02,4.221496969904286328e-02,3.650295968101582161e-02,5.985423933856589412e-02,2.045985551636617800e-02
6.165839846103869926e-01,1.469171112026641524e-01,6.844636978843746111e-02,3.922506769224443773e-02,4.618224553066895693e-02,6.117395676364946466e-02,2.147126441194844790e-02
6.406733835257927279e-01,1.479122073932083170e-01,6.163433244957772922e-02,3.129372262914249803e-02,4.080704182423106757e-02,5.291262024125313601e-02,2.476669193679457634e-02
5.781210403722825131e-01,1.457343783642650048e-01,7.961900705459254435e-02,5.440049258250347769e-02,4.834103362968661388e-02,7.665433794933962375e-02,1.712971004733044797e-02
5.594943197392637790e-01,1.497191122053270207e-01,8.875861387795373758e-02,6.692221054587485507e-02,3.866422026126297568e-02,8.169006399001041419e-02,1.475145938030728021e-02
6.078454273877903491e-01,1.465886099540693877e-01,7.092249349987581053e-02,4.235990116612284306e-02,4.773427961568765115e-02,6.414800505180924539e-02,2.040128332464479291e-02
6.578041892468379226e-01,1.432435119740824714e-01,5.365641476427730067e-02,2.408471067230660498e-02,4.576741232655341662e-02,4.645946475802373993e-02,2.898429625791841546e-02
5.674570267936118739e-01,1.435814368905019567e-01,8.129376870112288433e-02,5.763963766110442172e-02,5.125562617809242827e-02,8.239718932474522639e-02,1.637531445082121215e-02
5.682780360222360327e-01,1.435778435789357987e-01,8.117874997252315372e-02,5.745463205388443712e-02,4.084495083304216789e-02,9.222595749150210021e-02,1.643983004787637203e-02
5.688541056502350868e-01,1.454088149921522466e-01,8.240720516442039123e-02,5.864611066390346128e-02,4.188552779624526989e-02,8.657513766568122882e-02,1.622309806736234664e-02
6.004855585632595805e-01,1.481576990175024755e-01,7.440466759344574466e-02,4.642747416054472664e-02,3.983239700776056852e-02,7.149022410870693733e-02,1.920197954877999116e-02
5.937082153260536677e-01,1.437014888914642241e-01,7.318297722864587629e-02,4.607533561188875693e-02,5.413804524547461555e-02,6.997268018893237906e-02,1.922125750754059142e-02
5.987953169601345493e-01,1.428141135150723939e-01,7.102287172713289687e-02,4.348328115741677963e-02,5.179104864124176033e-02,7.209613902378199379e-02,1.999722897521954285e-02
5.944243195037552940e-01,1.438720532939634367e-01,7.314135713783739834e-02,4.596743081815884285e-02,5.035607056746524424e-02,7.297279653230341612e-02,1.926597214651647877e-02
6.025636157444603791e-01,1.444303674736551191e-01,7.107517264041562921e-02,4.311377676863097086e-02,4.801008739575982759e-02,7.066177223269957952e-02,2.014520774437858833e-02
6.037452932697799923e-01,1.475847642452816078e-01,7.299723426133530868e-02,4.474309296070214104e-02,3.956242863569953833e-02,7.167634607092045196e-02,1.969084055628101543e-02
5.972709036411737449e-01,1.447734574657305873e-01,7.292465309933560125e-02,4.542518501726003355e-02,4.935058463034981691e-02,7.081658499628967762e-02,1.943863114986054547e-02
5.981632539266984461e-01,1.446127103977268846e-01,7.248718773842771634e-02,4.489828243899032789e-02,5.263183403572332941e-02,6.762328791150802598e-02,1.958344355092549519e-02
6.097118128443693719e-01,1.434661835325913015e-01,6.813446472231676765e-02,3.967572206653902783e-02,5.444437050130105510e-02,6.329710628779842974e-02,2.127034004508399773e-02
5.070045643634181198e-01,1.487468738767245002e-01,1.058431434159610302e-01,9.834654892824019889e-02,3.245656783307974969e-02,9.682350144325131691e-02,1.077880013932507736e-02
6.196528294184497909e-01,1.446053266346652155e-01,6.592370104932583630e-02,3.675500544450158169e-02,5.151174422200874292e-02,5.917215586853936254e-02,2.237923736250934520e-02
6.063587662829037495e-01,1.459115876632350595e-01,7.091621816280921364e-02,4.252566223624176800e-02,4.856013342773052993e-02,6.538522459329754177e-02,2.034240763378193304e-02
5.743198738525751024e-01,1.499985583690005286e-01,8.410274692623485870e-02,5.955339884705575237e-02,3.841250303798895982e-02,7.750933253710234894e-02,1.610358643004258447e-02
6.016117468679792468e-01,1.454464844323831718e-01,7.207355197844717010e-02,4.412841302152410022e-02,4.810385989912899229e-02,6.879786422914700716e-02,1.983807957139020750e-02
4.293375155678326727e-01,1.404426844514440609e-01,1.260833280647027377e-01,1.525147269192273225e-01,3.166221484698875099e-02,1.129562725971372944e-01,7.003257552667171287e-03
4.644701386820907496e-01,1.439566438121695768e-01,1.165896958212898904e-01,1.252804575382891195e-01,3.507538604939491877e-02,1.060538960895068827e-01,8.573782007258810151e-03
4.827858078795690400e-01,1.461171994110380679e-01,1.121023286635728505e-01,1.133274478406448571e-01,2.977790087145930700e-02,1.064264877876093945e-01,9.462827546106528098e-03
3.980863585552642525e-01,1.332298517683897510e-01,1.302160875155536912e-01,1.726715322327408986e-01,3.895484635359527242e-02,1.208364966071632934e-01,6.004826967292875572e-03
5.011261480551866265e-01,1.461495613814007000e-01,1.056638931290727473e-01,9.960988649470930989e-02,3.261518854755406094e-02,1.042177294633015033e-01,1.061759292877506936e-02
4.668108822892798049e-01,1.438477501514990320e-01,1.156550395371876427e-01,1.231733296900973107e-01,3.460666023370093797e-02,1.071947656114144998e-01,8.711572486820688688e-03
5.943410534196345019e-01,1.449341085295673404e-01,7.398883983183915380e-02,4.679016466479786474e-02,4.637085186669068909e-02,7.451945586196780102e-02,1.905552582550266300e-02
4.375191047100964181e-01,1.438682170903574919e-01,1.264345281641186813e-01,1.498961781864056042e-01,2.628687320548253256e-02,1.088040495602777269e-01,7.191049083261649884e-03
5.041781369033433435e-01,1.480121816085372966e-01,1.061339296320562564e-01,9.940237862873273211e-02,3.741334690432040339e-02,9.420023821134614062e-02,1.065978811166386209e-02
4.136035973888050887e-01,1.388757363371760922e-01,1.304646496905872421e-01,1.663726296316863640e-01,2.576710231491912903e-02,1.185439573739869162e-01,6.372327262839211012e-03
3.836625288128927558e-01,1.329601279439954487e-01,1.355518532314455571e-01,1.893309501968041819e-01,3.193375631358832956e-02,1.211361803481864619e-01,5.424603153087338876e-03
5.796625536571288206e-01,1.501021324627215270e-01,8.241451676686663286e-02,5.700482643756475676e-02,3.981307610956531101e-02,7.437920357965727147e-02,1.662369098649558660e-02
6.098327029441528158e-01,1.471927883924508684e-01,7.078371758120441393e-02,4.202844378753609056e-02,4.261197371070479800e-02,6.702372956039959195e-02,2.052664402355125137e-02
5.805417264420924539e-01,1.456137429826107332e-01,7.883893393371754765e-02,5.330777944008523173e-02,4.333269212201541071e-02,8.097098260319757212e-02,1.739414247628114085e-02
5.914555659032560975e-01,1.453370057290838124e-01,7.523734429182539485e-02,4.835378041682698164e-02,4.207042401927613834e-02,7.890487185507931434e-02,1.864100778465212216e-02
5.756154435282676562e-01,1.548119792193541899e-01,8.712387761273429621e-02,6.241458371379465797e-02,2.998377223319460133e-02,7.445874224375133299e-02,1.559160144890310226e-02
6.000232353394362450e-01,1.462295731567144208e-01,7.333264881516962652e-02,4.554197161668552957e-02,3.330140720247932312e-02,8.210494442398726112e-02,1.946621944552757999e-02
5.470910161979407604e-01,1.488673298971310843e-01,9.223872039755265373e-02,7.304270467730775152e-02,3.746214572949149724e-02,8.752185852605567917e-02,1.377622457452054236e-02
5.259219073137803013e-01,1.487046368236794036e-01,9.927811829806934552e-02,8.564538416061034942e-02,3.434104888749140577e-02,9.399145883220452746e-02,1.211744568416481954e-02
5.760473862107640119e-01,1.522002704527518624e-01,8.523770836414473751e-02,6.047406059495957081e-02,2.861986338452058784e-02,8.146115991886544727e-02,1.595955107399377876e-02
5.999833010931834298e-01,1.527992707488488033e-01,7.778094704748826638e-02,4.962262724612728770e-02,2.868747999208586322e-02,7.275328411106957160e-02,1.837308976119663220e-02
5.635116576170877689e-01,1.513779758446670842e-01,8.877358171804904108e-02,6.627371636604173499e-02,3.052498909900587185e-02,8.464300175341121779e-02,1.489507760173731585e-02
5.896673522383927279e-01,1.527402581296289363e-01,8.111285733020828781e-02,5.425317713054507440e-02,2.908575989870998066e-02,7.587972725080624481e-02,1.726086802170855375e-02
6.098209493118234015e-01,1.516201399660163929e-01,7.377467364515033488e-02,4.468197033909267896e-02,3.303298028403257869e-02,6.734681553828263112e-02,1.972247091560186752e-02
6.482696543897628061e-01,1.505139796427507337e-01,6.076028835781064480e-02,2.992383896008684457e-02,3.427858003164024198e-02,5.084976302561129008e-02,2.540389559233745265e-02
7.302105731224369789e-01,1.255342865434153354e-01,2.281119342387949098e-02,4.631227411129587752e-03,4.307753619550000468e-02,8.158065239628368298e-03,6.557711806401027299e-02
5.197825959714922339e-01,1.436424540343995970e-01,9.700256609248822381e-02,8.413428369542405583e-02,3.941888299815256291e-02,1.038255625114995057e-01,1.219365469654394747e-02
6.283292457755945692e-01,1.488347816056697914e-01,6.604624888001230099e-02,3.597910839991551313e-02,4.093383707086936663e-02,5.717390404061475917e-02,2.270287422732374799e-02
6.391683653275604948e-01,1.509365088433260171e-01,6.390475005090674732e-02,3.317339330134864983e-02,3.487944174120359564e-02,5.407401835710545779e-02,2.386352237854911726e-02
6.584590510671846086e-01,1.464998583220724904e-01,5.538243183446570767e-02,2.523634444145215691e-02,3.585821273375015827e-02,5.039032743711280987e-02,2.817377416396212378e-02
7.070015931609380244e-01,1.482509085105911395e-01,3.991468141976578510e-02,1.271037602662875021e-02,3.259293025250418335e-02,1.961226939976111472e-02,3.991724122981096107e-02
6.444366914626974419e-01,1.483692492382615580e-01,6.059027397574706653e-02,3.012148275294668567e-02,4.759186289330648995e-02,4.358520754885007037e-02,2.530523212819059051e-02
7.088330850321438170e-01,1.418339772580185787e-01,3.689676270702661742e-02,1.120675488911679167e-02,3.695969507575138507e-02,2.121942364028141237e-02,4.305030139766150010e-02
7.344756465596962158e-01,1.123278662567304548e-01,1.526599346187841426e-02,2.240450656207397181e-03,3.407167796702088858e-02,1.167169008614454828e-02,8.994667501232221640e-02
6.389467320640881409e-01,1.462790889271422257e-01,6.129779737074005780e-02,3.122932583176887475e-02,3.650239897764260416e-02,6.090299571180504690e-02,2.484166111681309144e-02
6.491471287735426365e-01,1.500882469930214513e-01,6.026604509692461142e-02,2.948787580018290277e-02,3.362456601243825338e-02,5.174518058993381187e-02,2.564095673395626329e-02
6.337336580379443474e-01,1.552869414080731703e-01,6.806469861336948701e-02,3.695554495842525572e-02,3.210650112706810860e-02,5.162077033678073162e-02,2.223188551833902432e-02
6.761424069924035773e-01,1.483499539007173684e-01,5.065811980012727839e-02,2.075433624387243436e-02,3.428218369446482672e-02,3.850702454035562217e-02,3.130597482805880932e-02
6.826031847662789032e-01,1.455087534824689999e-01,4.724248156517622810e-02,1.825191780608061143e-02,3.529569856044501019e-02,3.742891113097995825e-02,3.366905268857010858e-02
5.678631240550505721e-01,1.545733207952899591e-01,8.942323214296765688e-02,6.608350283975446271e-02,3.850624025178814303e-02,6.863039036220656974e-02,1.492018955294247169e-02
5.724575694505679158e-01,1.500475157028883233e-01,8.477074451156636770e-02,6.054571212692591575e-02,3.682171044083673572e-02,7.944395052097827370e-02,1.591279724623659991e-02
5.409149958632111233e-01,1.496265598175262057e-01,9.498597050927036489e-02,7.742386535658171698e-02,3.146806810734790322e-02,9.240513073151533641e-02,1.317540961454746057e-02
6.237845345460768520e-01,1.436923125335188012e-01,6.411706064809598316e-02,3.486034625740730419e-02,4.901140881489979978e-02,6.137360190855353781e-02,2.316073529144786064e-02
6.505456376157069398e-01,1.427420989675008134e-01,5.547568023620759459e-02,2.589732678816424050e-02,5.092792244071133595e-02,4.663232070939420104e-02,2.777901324231500657e-02
5.666137614981254789e-01,1.335960707054149876e-01,7.325291088964552833e-02,4.933850478957175351e-02,5.299698483366262897e-02,1.061734924022175591e-01,1.802827488136203235e-02
5.935793194303847775e-01,1.530924571438027626e-01,8.003358804076794730e-02,5.262911790092928560e-02,3.053756933858047667e-02,7.249791170304592525e-02,1.763003644248882160e-02
6.439350070341740562e-01,1.452659215406048310e-01,5.909165369580516441e-02,2.910101260879367768e-02,4.151590946457520831e-02,5.516942561700298453e-02,2.592107003904415771e-02
4.743836193060529394e-01,1.471918461566179004e-01,1.160913946881418773e-01,1.214894166357634864e-01,2.643102948208551906e-02,1.055204269907961540e-01,8.892266740542168618e-03
5.973044212614956328e-01,1.521483608521589648e-01,7.822919613166030850e-02,5.041822740079864029e-02,2.923555360475806053e-02,7.449145185323151341e-02,1.817278889589690055e-02
5.889852990233016561e-01,1.534188096378718835e-01,8.178750365512159337e-02,5.500001548035639287e-02,2.866906389305985681e-02,7.504522246973291399e-02,1.709408584055576927e-02
6.824060978495737340e-01,1.558017540244113486e-01,5.210148838134423532e-02,2.112500310602238168e-02,8.985239993270681749e-03,4.893869036217890489e-02,3.064172628319872596e-02
5.641773244416308231e-01,1.500700448746351834e-01,8.745002504837796897e-02,6.469722775405266357e-02,4.021046329517082019e-02,7.825984630010021648e-02,1.513506828603249782e-02
6.221667628544945705e-01,1.487016540315859725e-01,6.804634289087585497e-02,3.832814615076869658e-02,3.242056983899921363e-02,6.850017219090899501e-02,2.183635204236678007e-02
4.956698652661270521e-01,1.507278524153879140e-01,1.115435328614517441e-01,1.088721617594344965e-01,2.615905917596164296e-02,9.714220329862463532e-02,9.885325223012402310e-03
7.050892932312292638e-01,1.253112723914627802e-01,3.043503804638749560e-02,8.354463597006802841e-03,5.986520059084703138e-02,2.002052768691731793e-02,5.092420445614938285e-02
6.923347936989023843e-01,1.302414088717338270e-01,3.646499975254514914e-02,1.173153805080113382e-02,5.985922115881407712e-02,2.638842695501364757e-02,4.297961151218982617e-02
5.822897768295633991e-01,1.518145502741822528e-01,8.287057422296459364e-02,5.708912523265055605e-02,3.169136576969037999e-02,7.760987458380606829e-02,1.663473308714281257e-02
5.018241231803092228e-01,1.459978859816885299e-01,1.053440694162595254e-01,9.904410559529407132e-02,2.883916357376141437e-02,1.082765378046152693e-01,1.067411444807193042e-02
6.292700102543172802e-01,1.468900929940293865e-01,6.455149920907053696e-02,3.468398516499261730e-02,4.270276235409442567e-02,5.865457655531770148e-02,2.324707346817812131e-02
6.272079228360196712e-01,1.453537693450697166e-01,6.415118954491688674e-02,3.455119796239986690e-02,4.807179197802900067e-02,5.737088367665209993e-02,2.329324465691261226e-02
5.363135535127100395e-01,1.514603540762329281e-01,9.782494598445265477e-02,8.159315695664211276e-02,3.991648011524819711e-02,8.025953559729825937e-02,1.263197375741565050e-02
7.227965494334108731e-01,9.575788684929416317e-02,9.379594846820835455e-03,9.517576789041271587e-04,3.556995280409867149e-02,8.348346018701841703e-03,1.271959123687694260e-01
4.039641468645493450e-01,1.368547330205671375e-01,1.319311765328549657e-01,1.731010827944151620e-01,3.278269741927041653e-02,1.153018361770817152e-01,6.064327191261088996e-03
5.383202484181739411e-01,1.509997887509567649e-01,9.697820157102464422e-02,8.028069917101744724e-02,2.797687214283818211e-02,9.262491450676975380e-02,1.281927543921932561e-02
6.655587484971338119e-01,1.376871034687607021e-01,4.815179588253801907e-02,1.989053972959800923e-02,5.287621240440810999e-02,4.344783651224151666e-02,3.238776350531994558e-02
6.291473423717627300e-01,1.458107346867477117e-01,6.384987120703321251e-02,3.411822423753675670e-02,4.752028944697207075e-02,5.607470954244331979e-02,2.347882850750439288e-02
4.670027330378330732e-01,1.481133905123629135e-01,1.195546280567265918e-01,1.288285468027866310e-01,2.572847555694782531e-02,1.023495535289832697e-01,8.422672504359671186e-03
4.822044261748227312e-01,1.492451411297757158e-01,1.150516860689189402e-01,1.175785540953153824e-01,2.796377218237753454e-02,9.876230820215405048e-02,9.194112146635650615e-03
4.416333986947517665e-01,1.443354728029968559e-01,1.253698067271696304e-01,1.466482497389294815e-01,2.563457537135378772e-02,1.090172101392417187e-01,7.361286525556664032e-03
7.325150609696596815e-01,1.050458384871721246e-01,9.733318232559236977e-03,9.539429352050061506e-04,2.441970595080258238e-02,5.001947178016614114e-03,1.223301862465846490e-01
7.152150465295153969e-01,9.027687379830974523e-02,8.076866834032336503e-03,7.383069271616568997e-04,3.982783857494118229e-02,5.392058596808564294e-03,1.404730087392312143e-01
4.855845920141598215e-01,1.496624427995539852e-01,1.142196388178440686e-01,1.154203340101640773e-01,2.680114161612703882e-02,9.895189382857515203e-02,9.359956913576014323e-03
7.149248715484058936e-01,9.011449576112355586e-02,7.755412198338828590e-03,6.814447702499117207e-04,3.728765657810664130e-02,5.151089991918872749e-03,1.440850291518563087e-01
5.698038806488990859e-01,1.481647837660425016e-01,8.410823770923479825e-02,6.023345451872615802e-02,4.681947367496187840e-02,7.493924533566970192e-02,1.593092434646579958e-02
4.413660665842381037e-01,1.402012475181220741e-01,1.214166070791522500e-01,1.405175708221662323e-01,3.116533731218165335e-02,1.177284141596894734e-01,7.604756524450362321e-03
6.455330132333295667e-01,1.439350545067171749e-01,5.778274654007903299e-02,2.799194539175010182e-02,4.441519215633254331e-02,5.380276734735910810e-02,2.653928082443254496e-02
4.740233095452336953e-01,1.480721280202611234e-01,1.169522623971629149e-01,1.227884072073745364e-01,2.887467107305331099e-02,1.004769888623392171e-01,8.812232894575243447e-03
3.457607322385521931e-01,1.247956328127192982e-01,1.411212010394152228e-01,2.212413535955189137e-01,3.050907896369325564e-02,1.321901767438534714e-01,4.381824606247622725e-03
6.422733857879183716e-01,1.445856638821513829e-01,5.928071610635231997e-02,2.941066504995838021e-02,3.649309259767772456e-02,6.216971192451019312e-02,2.578676465143165883e-02
4.145047708748182402e-01,1.368099127043806429e-01,1.279699529093285271e-01,1.617328062600024707e-01,2.828751217403831925e-02,1.241695946090031893e-01,6.525450468428378899e-03
3.959135489516539819e-01,1.344494020336775841e-01,1.324978963550183797e-01,1.778642697742404966e-01,2.932979139606565339e-02,1.240982962285060581e-01,5.846795260837792454e-03
4.769331890565341459e-01,1.470704330433176277e-01,1.150427483628423397e-01,1.191956956155188485e-01,2.857127066314915295e-02,1.041390772474498627e-01,9.047586011188019084e-03
5.271758221942575151e-01,1.517155065362710276e-01,1.012627390963868335e-01,8.775150154926288082e-02,3.250691945283615270e-02,8.767288752107942063e-02,1.191462364990623045e-02
6.898863834884590984e-01,7.708073979940356646e-02,5.332789642688415613e-03,3.639533278795734571e-04,3.917203939378956223e-02,6.209706650037572981e-03,1.819543876977422203e-01
7.198218768597521855e-01,9.453712337374282904e-02,1.009380503945238317e-02,1.114688729974706296e-03,4.650669071320571307e-02,6.744937454529945260e-03,1.211808778293422817e-01
7.188637834057870490e-01,9.287474268418823009e-02,8.827380100982863687e-03,8.630727229167709262e-04,4.011986749444376027e-02,5.935306858760167580e-03,1.325158467329213274e-01
7.170472220168450095e-01,9.185385054392079807e-02,9.049215508250918125e-03,9.152660751523944817e-04,4.403141750070686811e-02,6.636301110681343263e-03,1.304667272444425541e-01
7.125031069726391886e-01,8.867413886213519614e-02,8.254594932750190101e-03,7.823925670100631688e-04,4.505395130009970384e-02,6.084965152831317385e-03,1.386468502125342284e-01
7.187508600540926107e-01,9.461450561994748376e-02,1.077039960206451971e-02,1.269602569592872534e-03,4.562585774601810723e-02,1.301223776262522974e-02,1.159565366456591917e-01
7.256665935345130158e-01,9.915041264240721797e-02,1.090193349366932671e-02,1.253417073908015501e-03,4.048232450610934202e-02,7.707313465011640663e-03,1.148380052843812893e-01
7.172030931165769285e-01,9.159204737947417019e-02,8.264188728787751070e-03,7.643089865551938762e-04,3.783516457468188293e-02,6.009851757491025716e-03,1.383313454564329414e-01
7.286407670049748209e-01,1.020742635081473559e-01,1.154150732359620138e-02,1.374099895718651747e-03,3.905050380247115233e-02,7.075499321801317215e-03,1.102433591432905730e-01
7.334432707752555070e-01,1.106606987580971424e-01,1.469963555152323936e-02,2.100492877597384764e-03,3.917243211805720993e-02,7.443975167373615212e-03,9.247949475209595038e-02
7.261665266977135325e-01,9.897342283624652182e-02,1.028058257054353594e-02,1.115300977960730034e-03,3.840495163826262298e-02,5.657062454066925580e-03,1.194021528252059428e-01
7.188221491809063668e-01,9.273004631737702397e-02,8.320034326875681494e-03,7.672100823158873369e-04,3.582346476478469322e-02,5.941397485666887086e-03,1.375956978420734833e-01
7.239477063244205146e-01,9.715656131597569245e-02,9.968632327900151316e-03,1.063699682358027702e-03,4.139925101856858219e-02,4.451994105159330813e-03,1.220121552256177438e-01
7.232644870518659674e-01,9.671025538043533099e-02,9.995114006301970486e-03,1.073304664961498376e-03,4.279928196026400178e-02,4.323026309970565487e-03,1.218345306262006295e-01
6.990793934924195430e-01,8.160959387785279850e-02,5.883294006500414640e-03,4.235132699600493598e-04,3.959563447106576040e-02,2.169712971803255779e-03,1.712388579103983066e-01
6.136528430996492922e-01,1.470440863246959273e-01,6.960579482428701226e-02,4.059734769190037618e-02,3.564461230670758901e-02,7.242841868367191904e-02,2.102689706908779030e-02
6.464398423696011697e-01,1.434191311295529847e-01,5.728388515962028887e-02,2.757133491138979639e-02,3.961661395855031048e-02,5.886131027090637374e-02,2.680788220037905178e-02
4.451329289525648991e-01,1.397874148070473166e-01,1.196770523217253190e-01,1.364888004035866853e-01,2.736621184023612860e-02,1.237248338746885640e-01,7.822757800151158500e-03
6.242142133197092768e-01,1.460490299642806800e-01,6.563925193995270857e-02,3.609901513439995463e-02,3.963766148281979568e-02,6.567995062457035460e-02,2.268087753426717770e-02
6.452345898372304767e-01,1.433936492535857199e-01,5.756226310451533629e-02,2.785880130793632822e-02,4.393099397237724274e-02,5.539519361280707127e-02,2.662450891154774166e-02
4.982642289562134730e-01,1.455469704736943037e-01,1.062209829554513346e-01,1.011315807518476800e-01,2.611700240229376802e-02,1.122424559835915325e-01,1.047677847690805207e-02
6.051302811502339285e-01,1.466818013958149092e-01,7.188682684905077502e-02,4.355686255647896882e-02,4.407180925700852209e-02,6.863791354899423380e-02,2.003450524241873545e-02
5.045686541695022509e-01,1.504770740779970972e-01,1.081764614708153327e-01,1.020072037364601614e-01,2.857240369952272069e-02,9.572986016936327336e-02,1.046834267633917938e-02
4.387046038180456575e-01,1.408185573392012890e-01,1.230468547739992924e-01,1.440994668510858223e-01,2.810009573433766214e-02,1.177994558508688450e-01,7.430965632461355302e-03
4.297006600635854823e-01,1.422209505676365615e-01,1.277844835274966062e-01,1.551898628744581565e-01,2.432659899480942717e-02,1.138616649948135662e-01,6.915778977200415234e-03
4.681703888780143763e-01,1.451500794929373450e-01,1.164356770544704017e-01,1.239225427761472959e-01,2.985919904452986884e-02,1.077711993575265620e-01,8.690913396374079156e-03
7.160726344490819795e-01,9.102514117520889292e-02,7.530447853071896985e-03,6.372824339536392732e-04,3.198179374235330524e-02,6.197414472599724160e-03,1.465552858737304842e-01
6.082293336081615598e-01,1.477302361443775525e-01,7.165845703453418980e-02,4.299278348925231197e-02,4.137436788855531483e-02,6.779241892460223518e-02,2.022240291051683597e-02
7.025760196025422344e-01,8.283457051438541940e-02,6.678915446908647788e-03,5.397039859002336236e-04,4.296775562384828190e-02,5.676376800482166134e-03,1.587266580259328874e-01
4.641564351304818814e-01,1.451017694665310553e-01,1.178674537301420966e-01,1.273287190569181992e-01,2.752041317144550761e-02,1.095536072844817549e-01,8.471602159999569101e-03
4.233464239788571337e-01,1.416925304937100283e-01,1.295746431816263977e-01,1.606711264389688587e-01,2.820746193631379004e-02,1.098512800920241755e-01,6.656533878499731362e-03
6.080839812884503148e-01,1.483060856805549776e-01,7.210082969210862558e-02,4.340532323328170211e-02,4.016750018706325559e-02,6.783874327670325055e-02,2.009753664183797084e-02
5.986399812639170426e-01,1.490035948059765247e-01,7.556213718490041586e-02,4.772801478080517662e-02,3.957780935335210304e-02,7.064432281552240900e-02,1.884413979552642532e-02
6.432371955332009117e-01,1.481849091876194513e-01,6.108732677712472303e-02,3.066346858211951160e-02,3.477346969606925214e-02,5.696078612351563458e-02,2.509284410035040463e-02
6.462985091656010539e-01,1.443690488805320637e-01,5.767230478743813615e-02,2.781367015517854230e-02,5.245509463182666809e-02,4.479215087489556157e-02,2.659922150452790832e-02
6.382329340024122111e-01,1.525723387452179169e-01,6.489739746276994292e-02,3.395828304393271740e-02,4.561039879011752340e-02,4.128665069889326383e-02,2.344199725665645218e-02
6.539368430953118594e-01,1.463114781485757576e-01,5.662575427271950707e-02,2.646150735802267617e-02,3.967138725284845291e-02,4.958992298675642812e-02,2.740310688576537423e-02
6.003085506467330523e-01,1.488501516793719615e-01,7.500321877014459737e-02,4.702207846491592014e-02,3.490338717399391055e-02,7.486056384702351185e-02,1.905204941781713651e-02
6.457434475618170078e-01,1.439453369920484782e-01,5.769979096995155043e-02,2.790735232567337701e-02,4.598492554111489883e-02,5.213874054811463987e-02,2.658040606127994726e-02
6.081030386891297379e-01,1.470554138050889914e-01,7.121383774458238392e-02,4.260500173706759097e-02,4.381310438644774041e-02,6.687311059194295249e-02,2.033649304574061331e-02
5.896250034477019675e-01,1.497545398397652494e-01,7.896887116783864180e-02,5.216808355309292961e-02,3.874883252079574375e-02,7.301990932101556919e-02,1.771476014979005836e-02
5.889541803141282728e-01,1.495657163078350504e-01,7.904214567563819238e-02,5.233020044166004914e-02,3.957771478725748138e-02,7.285723727185547394e-02,1.767280520162550425e-02
5.945297390042458829e-01,1.487235385636002938e-01,7.666815860621099821e-02,4.930153888431354492e-02,4.041532575262075933e-02,7.193966639102046534e-02,1.842203279798789589e-02
6.327449269243787811e-01,1.471362012180209566e-01,6.362604344742855966e-02,3.360076805272094874e-02,4.247858580183770660e-02,5.670167742931882943e-02,2.371179712629413461e-02
6.092309728648047651e-01,1.481502653416784665e-01,7.166497854920063360e-02,4.289143249097038951e-02,3.847977425326158663e-02,6.931865546921328614e-02,2.026392103087093152e-02
6.174499975924995221e-01,1.477752657156402305e-01,6.878567671294731622e-02,3.943146164134250092e-02,4.231288477835089268e-02,6.283576796716443258e-02,2.140894559205512929e-02
6.018934166260331287e-01,1.502709732422408406e-01,7.541063710769672912e-02,4.717023368161064878e-02,3.643420845714391565e-02,6.981332726134371891e-02,1.900720362393107030e-02
6.433629598888503942e-01,1.459915234581752042e-01,5.964926521351809202e-02,2.955325768461430913e-02,4.378816028957720208e-02,5.199424009574995370e-02,2.566059336951492104e-02
4.699812426118309960e-01,1.453372974832745912e-01,1.159068716178087571e-01,1.225501133962927369e-01,3.332686044973609540e-02,1.041163842924777427e-01,8.781230148579030267e-03
7.211538820719368692e-01,1.412838206624135173e-01,3.195365531343662829e-02,8.379655883790828458e-03,4.326698705130690298e-02,5.036497983187779477e-03,4.892550103392747513e-02
6.260124989922566385e-01,1.535974187845125238e-01,6.984644102237647090e-02,3.937048356908809388e-02,2.386059622223653948e-02,6.588176677958969274e-02,2.143079462994004758e-02
5.326694439752872601e-01,1.475544057744579418e-01,9.607512957457406411e-02,8.037059550601324820e-02,3.341377828679413520e-02,9.716588253306909784e-02,1.275076434980437420e-02
5.071226646024198370e-01,1.466268548451195586e-01,1.040079000324289071e-01,9.595848370219131618e-02,3.234861872397259280e-02,1.029583727798748932e-01,1.097710531399300610e-02
4.162187400365861545e-01,1.364643631291852788e-01,1.269125378405367155e-01,1.591803115453763184e-01,3.210449061486723987e-02,1.224951641609682423e-01,6.624392672480072276e-03
4.175121530281800108e-01,1.367249531482026548e-01,1.267161643718751896e-01,1.583298663719025223e-01,3.094208110966412822e-02,1.231066783152289928e-01,6.668103654946573415e-03
3.335297050740030356e-01,1.221481864980656085e-01,1.428276596526323328e-01,2.325148614423497850e-01,3.155838003322941621e-02,1.333476629901054200e-01,4.073544309614534654e-03
6.021348485681986551e-01,1.467147082267035718e-01,7.280681540656158690e-02,4.473617736519562571e-02,4.644748259362756204e-02,6.749216040787747728e-02,1.966780743183557320e-02
5.910728289988820272e-01,1.436723986872004977e-01,7.397175856731498522e-02,4.714183467105382414e-02,5.413715865142221251e-02,7.108680738662191689e-02,1.891721303750439759e-02
5.937082153260536677e-01,1.437014888914642241e-01,7.318297722864587629e-02,4.607533561188875693e-02,5.413804524547461555e-02,6.997268018893237906e-02,1.922125750754059142e-02
5.987953169601345493e-01,1.428141135150723939e-01,7.102287172713289687e-02,4.348328115741677963e-02,5.179104864124176033e-02,7.209613902378199379e-02,1.999722897521954285e-02
5.944368173954700518e-01,1.438404762404658643e-01,7.311431577395972881e-02,4.594049588766730557e-02,5.038219827203090778e-02,7.301241369228911315e-02,1.927328273811696607e-02
6.157870953724317031e-01,1.511225210405481578e-01,7.155164434101991822e-02,4.201046216660819094e-02,3.281092206981074677e-02,6.616693053104866218e-02,2.055042447853259666e-02
6.181617677577275760e-01,1.515980541250158964e-01,7.108763082010786938e-02,4.132588389791092692e-02,3.210361937066279897e-02,6.495244261054372581e-02,2.077060141803121693e-02
6.341973043130412213e-01,1.482355707505647047e-01,6.386652979898994886e-02,3.364969747967052477e-02,3.985086779903382337e-02,5.651371734306012695e-02,2.368631251563989987e-02
5.943338873434823588e-01,1.518265905846813146e-01,7.897961342356181469e-02,5.154415094593423063e-02,2.965831052322704178e-02,7.576291254642814055e-02,1.789453463268496358e-02
6.044389750399974393e-01,1.526006766820016403e-01,7.610320582826000935e-02,4.744695829340846160e-02,3.457618794428420073e-02,6.590552487721769437e-02,1.892847133483067240e-02
6.265511490985815612e-01,1.475057238865334353e-01,6.577774007510191201e-02,3.595084430284924831e-02,4.233775805830319178e-02,5.915457776676211893e-02,2.272220681186851859e-02
6.030166653261687104e-01,1.550745010494698484e-01,7.812506810720376560e-02,4.945309139668133819e-02,3.229052167892238617e-02,6.365203227571540612e-02,1.838812016583855555e-02
6.093041352424772850e-01,1.543294570222690509e-01,7.558765325528045420e-02,4.631505243646801689e-02,3.310062416361271576e-02,6.213438513477376884e-02,1.922869274511858698e-02
6.128216071819917454e-01,1.538812399616239501e-01,7.415133074859825424e-02,4.459088799669250897e-02,3.392314273719201911e-02,6.090732970872812790e-02,1.972446166517332830e-02
6.382291520815467356e-01,1.409964135272281094e-01,5.792823895954420793e-02,2.865389364735101627e-02,6.068531842285917327e-02,4.738052138947639047e-02,2.612646197199448156e-02
6.010051797351866343e-01,1.520909662709931109e-01,7.695781654331594612e-02,4.871823937703347041e-02,3.109716094481094345e-02,7.152781281171946559e-02,1.860282431694051247e-02
6.176167767901382666e-01,1.513422971133511763e-01,7.109761805851068373e-02,4.139903618158172899e-02,3.278011515966844369e-02,6.501719291475582807e-02,2.074696378199375815e-02
6.198837179072658188e-01,1.511292121249147857e-01,7.023170671613025717e-02,4.039465147636931569e-02,3.333864889996736997e-02,6.394006977284398541e-02,2.108199310250837705e-02
6.048246380717076098e-01,1.550224719921789451e-01,7.753270064331424516e-02,4.867557317198881184e-02,3.014269172941379943e-02,6.520667005688077222e-02,1.859525433451577822e-02
6.177537174216531923e-01,1.546253126841379832e-01,7.298645224623963312e-02,4.294823586593080056e-02,3.249020180638904909e-02,5.898365024271216145e-02,2.021242973293719755e-02
6.101979695995505271e-01,1.522221262367138839e-01,7.404696702515137230e-02,4.487466832696442032e-02,3.168423373989912722e-02,6.730837356528539261e-02,1.966566150643545702e-02
6.169019320220704428e-01,1.530646778927280405e-01,7.232135793151017733e-02,4.249901564889742994e-02,3.473987306430266486e-02,6.010576881185095144e-02,2.036737462864033829e-02
6.219701758862368202e-01,1.513807022020966231e-01,6.975329795430866564e-02,3.975884412153688624e-02,3.089267556264320772e-02,6.493896930521256272e-02,2.130533496796527607e-02
6.197833459049886251e-01,1.534269734215684688e-01,7.161210462145010947e-02,4.154096500496362587e-02,3.359643350300507703e-02,5.936867168751067125e-02,2.067150585651333569e-02
6.224856483283373043e-01,1.525945014014779000e-01,7.022223955011655527e-02,4.005133490208887675e-02,3.520129979121505714e-02,5.827210176467356728e-02,2.117287426209064904e-02
6.237155783361063577e-01,1.512477180982946534e-01,6.909043570453284044e-02,3.899942539533039765e-02,3.225982594354296490e-02,6.311869084554370957e-02,2.156832567664893063e-02
6.215478449916459480e-01,1.519849017383173295e-01,7.021551682972974884e-02,4.017867465784192432e-02,3.264350407906629892e-02,6.228222082462962772e-02,2.114733687876923021e-02
6.242776933747204993e-01,1.510408183644575963e-01,6.877129644887794435e-02,3.866815338265953972e-02,3.324471850610688506e-02,6.231146459628730122e-02,2.168585532689011955e-02
6.561152220890686948e-01,1.495565194887713278e-01,5.773192496022699904e-02,2.704314800214222339e-02,3.471120854871027200e-02,4.786075080332313075e-02,2.698122610775737298e-02
6.602664412651417791e-01,1.498068297807484128e-01,5.647237853069857899e-02,2.579515608011507741e-02,3.709333915150006544e-02,4.286738444799252645e-02,2.769847074380354240e-02
6.598102829430080307e-01,1.482977631227671567e-01,5.582862655639353466e-02,2.540206712541263900e-02,3.902866971324325113e-02,4.364127059915703932e-02,2.799131994001847340e-02
7.072690491691221437e-01,1.347566807581636605e-01,3.457622641064158481e-02,1.022140306113374086e-02,3.569142015392852418e-02,3.176177130411216021e-02,4.572344914289815793e-02
7.199517527419393437e-01,1.303025762977261248e-01,2.862259534876882699e-02,7.134565613419026342e-03,3.318576848509545429e-02,2.653203224995255224e-02,5.427070926309861959e-02
7.195901870764975783e-01,1.295063141549897545e-01,2.837720629814878201e-02,7.045041149915506375e-03,3.495925800987642607e-02,2.585723638777195563e-02,5.466475692280002574e-02
7.225017275954006557e-01,1.250992660643617249e-01,2.553364588345839042e-02,5.840022061980718569e-03,3.571109962474651456e-02,2.544770046362097166e-02,5.986653830643113433e-02
7.272309267066329186e-01,1.297234802426577571e-01,2.586720267474541812e-02,5.825251184665372443e-03,3.123609363840312847e-02,2.094276643741650734e-02,5.917427911547894909e-02
5.379336958015368264e-01,1.495617661885618177e-01,9.597821661780062130e-02,7.920021628028833804e-02,2.887993040858062577e-02,9.550441786047453308e-02,1.294175684275712841e-02
5.269029209307735107e-01,1.520005026732073605e-01,1.016248753611314753e-01,8.827274247658745132e-02,2.944554357573821515e-02,8.988882894433265769e-02,1.186458603822932410e-02
5.276438682275451653e-01,1.488445878086609164e-01,9.888607231357084137e-02,8.483355272894292642e-02,2.902872896619532531e-02,9.853754542875207967e-02,1.222564452633263625e-02
5.306103287419349224e-01,1.492389121618972747e-01,9.799633953621206262e-02,8.301893089930960368e-02,4.218210839046036831e-02,8.452850864036837164e-02,1.242487162981729086e-02
5.976840637839424542e-01,1.507055494620585523e-01,7.699164253969806304e-02,4.916571363418480167e-02,3.989438049994004087e-02,6.709607605185180512e-02,1.846257402832411285e-02
5.969005180734988647e-01,1.512402710579756060e-01,7.774068185343373238e-02,5.001780216119310757e-02,3.100524691326566121e-02,7.482548636288864630e-02,1.826999357774444430e-02
5.939368487358810400e-01,1.477157601743519788e-01,7.621572268554398233e-02,4.897761781947393422e-02,3.704073764129575674e-02,7.760209219493466315e-02,1.851122074851864474e-02
5.745922000331469270e-01,1.466797334885088511e-01,8.154513557745296515e-02,5.689784493136322563e-02,4.154738627166836007e-02,8.212857083106954448e-02,1.660912886679022024e-02
5.996660216992425463e-01,1.468727871664027851e-01,7.373602893498379385e-02,4.590471709497619124e-02,4.324481107956686110e-02,7.124057535038171018e-02,1.933505867444604981e-02
5.924194199509938974e-01,1.549302359534105722e-01,8.155081368349426096e-02,5.420077896572681603e-02,3.246557870946578661e-02,6.717821463556686301e-02,1.725495810134188707e-02
5.687340226297525891e-01,1.455683989496883712e-01,8.255782596674125784e-02,5.881724345419497846e-02,4.259598473038057193e-02,8.553753785644493957e-02,1.618898641279742021e-02
6.003238958626422317e-01,1.476702273194654136e-01,7.417652561056835292e-02,4.625791472382141667e-02,3.660145725091758229e-02,7.571189950095685850e-02,1.925807973162803333e-02
5.969304750205629562e-01,1.546686561082348255e-01,7.986751802191169314e-02,5.193562002214827111e-02,3.381679395375606495e-02,6.500468518542584784e-02,1.777625168796017480e-02
6.012687796298520349e-01,1.467335395109118368e-01,7.317548131626537555e-02,4.520561636363305824e-02,4.089790456890257664e-02,7.317321149632380339e-02,1.954546711411131801e-02
6.004116734625017937e-01,1.505037703928157333e-01,7.608701672464329713e-02,4.800086417882147571e-02,3.343355430101945663e-02,7.277306399167865480e-02,1.879005694851953318e-02
6.027459540437632990e-01,1.475583038512764400e-01,7.338191837674713780e-02,4.524418227276387483e-02,3.387317469918316865e-02,7.763668660179354197e-02,1.955978015447273899e-02
6.466942216221481798e-01,1.467554099861545225e-01,5.905357448289962757e-02,2.881169562418796695e-02,4.368626802430038841e-02,4.895978162839679376e-02,2.603904863191264241e-02
6.127600514222483197e-01,1.548293374621734220e-01,7.473888170117114205e-02,4.509935085423386752e-02,3.324376954357510100e-02,5.976243588078650193e-02,1.956617313581165279e-02
5.982828510871427419e-01,1.482600504692202781e-01,7.520322344643616541e-02,4.745656875636510702e-02,3.774281194984933224e-02,7.413301215639887809e-02,1.892148213458739667e-02
6.005886855315960560e-01,1.524571700609053670e-01,7.727069635078076537e-02,4.903879873017859964e-02,3.438514826998118057e-02,6.775190304567918487e-02,1.850759801087886389e-02
6.094810608817200492e-01,1.466253477370030589e-01,7.049749312840207505e-02,4.181350670475649650e-02,4.393597996065329997e-02,6.705513035020632673e-02,2.059148123725870402e-02
4.709722938648460144e-01,1.433747325948957207e-01,1.137030494113260987e-01,1.190383976548120698e-01,3.622661405691702391e-02,1.077005450587205787e-01,8.984367358482505880e-03
6.206608660292116664e-01,1.509878359852398766e-01,6.979558094718273098e-02,3.990649141157671248e-02,3.932555489822329997e-02,5.809426783814116563e-02,2.122940289042446818e-02
5.468234845505623998e-01,1.500901294975964528e-01,9.330105447979934741e-02,7.430134105829221125e-02,3.540657453579520997e-02,8.646639694292324041e-02,1.361101893503103774e-02
6.501660995683405941e-01,1.465664638119596463e-01,5.788852405584984234e-02,2.766768693619982289e-02,4.254207418688359804e-02,4.848942333826623124e-02,2.667972810250015744e-02
