"SiO2","Al2O3","Fe2O3","MgO","Na2O","CaO","K2O"
0.683174916442814,0.0997798834835329,0.0561534272028215,0.0266072025607332,0.00903931302466361,0.099858160811376,0.0253870964740584
0.722092538067188,0.104491564257669,0.0137885418003347,0.0132701882186158,0.0123090764233365,0.104509734642713,0.0295383565901437
0.719923106108448,0.0985013012593318,0.024493221876527,0.0247479169692526,0.0109092278482036,0.0983828296262198,0.0230423963120176
0.750737152835654,0.0869907416562896,0.0245336534301325,0.0196059917282517,0.0110016533242427,0.0869640390205867,0.0201667680048433
0.732294265729267,0.0934073481482793,0.0251362269136431,0.0185211059439287,0.015753410334516,0.0933352641234168,0.0215523788069492
0.726187340401516,0.0977742263477221,0.024363344960824,0.0156792921501419,0.0128862297081835,0.097700597280737,0.0254089691508756
0.683537231113996,0.114102608464454,0.0231559256351861,0.0174302360336329,0.0173504770405115,0.114060079630709,0.0303634420815098
0.726366695897752,0.0978647815856964,0.0243195447465734,0.0159112942857457,0.0102890163540077,0.0977965988607477,0.0274520682694772
0.702042268965552,0.108838052569051,0.0227913870141711,0.00916378379258457,0.0173344410394135,0.108849254043445,0.0309808125757826
0.687375288307801,0.114166676043051,0.0250302273631899,0.00991290552496909,0.0146779732978655,0.114116694755609,0.0347202347075141
0.686138263812887,0.117879909672382,0.0154931912120903,0.00906865450542828,0.0214339261773232,0.117900408201263,0.032085646418627
0.561551581371259,0.104484381084969,0.0498608532792676,0.123734935197609,0.00127058275730597,0.104408347200877,0.0546893191087132
0.610091473963941,0.129130132022898,0.0360472374960204,0.03905788640172,0.0011925376602044,0.129198804675623,0.055281927779592
0.595564267553018,0.133458777184259,0.0345633348011155,0.0478462232181974,0.00105123283955135,0.133433398756869,0.0540827656469898
0.581173239995247,0.137330631660287,0.0424098415681438,0.0455578346794357,0.00103285742096181,0.1373803699405,0.0551152247354247
0.376737264711265,0.13963931437306,0.259913907754661,0.0404557589557356,0.000638595869803046,0.139530165642791,0.0430849926926844
0.764969952282917,0.0936445892205713,0.00754167477903157,0.0109846215323083,0.000496095827656211,0.0935471856381877,0.0288158807193277
0.933394399012546,0.023061345943771,0.0122561875241167,0.00216839246081509,0.000195861177259059,0.0229729468783077,0.00595086700318465
0.711765511445341,0.111899996735161,0.0204238421118343,0.010579132220235,0.00130870943912647,0.111778321153246,0.0322444868950558
0.685590118840674,0.123915927039932,0.0149816608928014,0.0105427937266004,0.00888797773616209,0.123886126976809,0.0321953947870211
0.684408881042456,0.12682865240967,0.00979579238814407,0.0111688265809609,0.00438319272738396,0.126903463048579,0.0365111918028071
0.670875845093909,0.133093552172667,0.00759089911882494,0.0117388066669796,0.00540760048205894,0.133060952242199,0.0382323442233619
0.660627484451414,0.121972540705656,0.0187509979418818,0.0147141604596788,0.000525783639340078,0.121976031628187,0.0614330011738422
0.647251865755517,0.128883757406912,0.0147054820555055,0.0140363251474898,0.000530723039519353,0.128906169431411,0.0656856771636456
0.626296897064829,0.129819202549833,0.0318636309614229,0.0135588726614131,0.00107535707820616,0.129758424532477,0.0676276151518191
0.661340283801068,0.125582812335529,0.00887346086075736,0.0126417124934642,0.000790524871324313,0.125544263496601,0.0652269421412569
0.610647820447463,0.1370560402809,0.0308782065936502,0.0140212358193896,0.00068664330041928,0.137128005388825,0.0695820481693519
0.657127357454999,0.126415442133529,0.0110199195419208,0.0120995021938712,0.000831215026509573,0.126398207370925,0.0661083562782458
0.640690122857287,0.130237258273009,0.0161321321540268,0.0123607364533326,0.000550597784331001,0.130161561289046,0.069867591188967
0.613998459502989,0.131773469722863,0.0396732379592897,0.0125019069820817,0.0007057757831386,0.131718368948814,0.069628781100824
0.615485440220804,0.132993190533165,0.0344821369791757,0.0123599296838261,0.000717696694082982,0.132900220060821,0.0710613858281257
0.639275767747825,0.119946507124137,0.0520906010899526,0.0127377626148517,0.010067269062985,0.119872368238255,0.0460097241219934
0.681502602003043,0.120315642407363,0.00646209714223832,0.0133425579635477,0.0109804695784862,0.120369056665997,0.0470275742393252
0.828309611405376,0.0652209413547929,0.0071373626214534,0.00473033291655353,0.00384542803733817,0.0653273182179326,0.0254290054465534
0.977605882244293,0.00795323399395749,0.00186266966991889,0.00265891507882515,0.000135094436974441,0.00785263473888706,0.00193156983714436
0.918974007750709,0.0293690325586318,0.00358187279182169,0.00559564310743536,0.0031704206259238,0.0293314014532795,0.00997762171219883
0.916832893540928,0.029080149824774,0.00808743301286337,0.00422522378282914,0.00398437940220376,0.0289500041668728,0.00883991626952867
0.935387353881284,0.0193864161906837,0.0087725371526706,0.0098410035039673,0.00284747323716657,0.0192819444616983,0.00448327157252937
0.976244623370134,0.00881562988713637,0.00232688099773636,0.00143934497044002,0.000146260781280391,0.00880533304133258,0.00222192695194073
0.990542563535115,0.00301627423219299,0.00114113979088815,0.00123528628465227,0.000573829078591676,0.00297812183518351,0.000512785243376508
0.734631719891701,0.106603696707836,0.00549109155279002,0.0107609040871604,0.00660552568990733,0.106552442829378,0.0293546192412278
0.783106877414771,0.141014901626877,0.0215999739239041,0.00897278494977107,0.000997452297426586,0.000774953387675287,0.0435330563995753
0.769144235029151,0.148916368741698,0.0253913875985901,0.00964551763358176,0.00110905769575443,0.000553870653399025,0.0452395626478252
0.771423652299126,0.14038979792946,0.0222133263828149,0.00888436147810084,0.00100011137099058,0.0129948709253064,0.0430938796142011
0.786958990602973,0.139263378878091,0.0195779054512069,0.00884799512939262,0.000996017616030905,0.000885271514748455,0.0434704408075567
0.766865464113701,0.134463193738368,0.0416579364836005,0.00880614602133174,0.00101659510298957,0.00519389617610776,0.0419967683639014
0.793165422893274,0.107729015479892,0.043202482217028,0.00714340654909359,0.000906449781903333,0.0156490505290687,0.0322041725497409
0.785521485965186,0.128377157725636,0.0317329168030607,0.00865470867888034,0.000886937087904579,0.00887712177566018,0.0359496719636722
0.756711382008005,0.148370974756628,0.0362721620450866,0.00994396279417163,0.00101751271967428,0.00587528575381184,0.0418087199226228
0.720524354256926,0.175154317485065,0.039246832293522,0.0124046931730821,0.00101555973394198,0.00620328820199916,0.0454509548554635
0.684243652471118,0.209401560894322,0.0370126953569519,0.0146219573233202,0.00114261877981827,0.00194206443309934,0.0516354507413704
0.664329911405746,0.197200537162381,0.0712913460790306,0.0141670612484039,0.00114274991417219,0.0025129840842559,0.0493554101060104
0.739718655794737,0.150627404971079,0.0565519912573419,0.0106865128934571,0.00100244812617806,0.00233806210202812,0.0390749248551792
0.937266857311746,0.0332184073802589,0.0170323679900224,0.0017981003772899,0.000634604371075966,0.0011634708276989,0.00888619174190813
0.967323319668231,0.0160246833005053,0.010996193458984,0.000732848407238565,0.000628224240134374,0.000628639802729788,0.00366609112217686
0.966766320577112,0.0196051773151105,0.00733848877619404,0.000837923280951656,0.000628883515785077,0.000419533009655475,0.00440367352519083
0.943127729221608,0.0315254698312343,0.0137389145925984,0.00170420083349329,0.000638861111011369,0.000531991338896038,0.00873283307115907
0.932070812729018,0.0402037913013936,0.0127959946953747,0.00202643855397901,0.000639678588691204,0.000532672067520644,0.0117306120640225
0.702163843122769,0.137984806540861,0.0479098509474357,0.023334543571457,0.00631247706898906,0.0445296711182483,0.0377648076302399
0.686652418020228,0.149878985108234,0.0370745921145762,0.0342662299688401,0.0066289277009587,0.0449407600921933,0.0405580869949695
0.739976849646472,0.142059127701113,0.0311457988220823,0.0200754853400815,0.00738026064481131,0.0215969112488921,0.0377655665965476
0.788241624401205,0.116955457085829,0.0242888031622696,0.016584481831244,0.00577821357895253,0.0176561840942282,0.0304952358462717
0.757834503059798,0.13386574544226,0.029124020409019,0.0186610268851499,0.00668862956625778,0.0183377266550543,0.0354883479824606
0.77654570220469,0.100125563489923,0.0342089049991178,0.0223330489927806,0.00697305307893511,0.0331208847462614,0.0266928424882922
0.750424361593267,0.127463581493383,0.0319728796835893,0.0225884888245138,0.00643869324848147,0.0266276396050449,0.0344843555517205
0.840944772405016,0.0845970257267448,0.0174261884058058,0.0127789539174841,0.0065488006565364,0.0158426978487851,0.0218615610396276
0.71389959579491,0.162538978429783,0.0373407778460764,0.0207923739623262,0.00566163944146337,0.015349744382507,0.0444168901429332
0.705431352565961,0.171626456977558,0.033607889613335,0.0210320999310953,0.0060709040536419,0.0144203098183476,0.0478109870400613
0.762741643472191,0.11531266681033,0.029588919059374,0.0231702402314167,0.00696241842311047,0.0306776519693836,0.0315464600341947
0.788362604072235,0.0911216098041824,0.0347118805947775,0.0205003744479619,0.00694280451303776,0.0342794800537286,0.024081246514077
0.677391552908663,0.179339455179046,0.0392532794832314,0.0258374646708877,0.00692773213719603,0.0213310462496375,0.0499194693713382
0.780376844847722,0.117923879559607,0.0299866889470182,0.0158996527024373,0.00928434989405498,0.0153678183991631,0.0311607656499981
0.717457596047539,0.135318779282022,0.03628156299929,0.0302156117971247,0.00672688578972238,0.0380474548298646,0.0359521092544377
0.689195642700613,0.15976241658541,0.0377328096164509,0.0297878773721033,0.0068413627707913,0.0330993701310502,0.0435805208235807
0.670115973217333,0.176323865972288,0.0407650600727586,0.0272865991010957,0.00916919138415585,0.0281721067473749,0.0481672035049936
0.697067343843448,0.162283539478427,0.0378787244747949,0.0234956804388893,0.00867470511942044,0.0271201086302003,0.0434798980148203
0.788872500696618,0.117979392250139,0.0275834684614946,0.0137907608717275,0.00923016587932536,0.0116708769099148,0.0308728349307805
0.794216900124655,0.107543362664928,0.0310007868211535,0.0131473852028139,0.00780445795874352,0.018493239345245,0.027793867882461
0.697515017172657,0.152242360460038,0.0358143402025108,0.0290503491130669,0.00920272414160307,0.0358151713669156,0.0403600375432083
0.689271367909336,0.148449854902532,0.0366715478900653,0.021738728207939,0.0120773859797875,0.0510570016615609,0.0407341134487784
0.831198801339069,0.0739510391455244,0.0290441791160938,0.0105030345025709,0.00621658160125831,0.0301161037897548,0.0189702605057289
0.824974340137643,0.0813312804166481,0.0288862785471442,0.0106580342565352,0.00490398427962944,0.0292066609576793,0.0200394214047207
0.681984584627246,0.167770510652326,0.0413942078305058,0.0205866030831159,0.00657048034208728,0.0351528633320533,0.0465407501326651
0.776966663664382,0.123349619103593,0.0298356792751134,0.0107461412142866,0.00925979286041692,0.0164622332002342,0.0333798706819735
0.786617357047487,0.122386722863214,0.0288964950064162,0.0106523678516631,0.0097457071791613,0.00861275999401971,0.0330885900580389
0.616815303366614,0.149158426286141,0.0583859551835369,0.0284100544396864,0.00746477881540449,0.0966685582146685,0.0430969236939486
0.602742870309772,0.167920439342059,0.0681934796478272,0.037014484170443,0.00373687332108541,0.0746172204841361,0.0457746327246774
0.610553998752553,0.170493115400821,0.0706807475071786,0.0345336985819875,0.00472055119031184,0.0628556121041509,0.0461622764629974
0.612905597192255,0.162411939238319,0.0751250899806278,0.0340308152158718,0.00393537548999909,0.0680657111345199,0.0435254717484076
0.618009658215245,0.178511203524334,0.0665212849227406,0.0325696318755491,0.00425869402892086,0.0527120376521688,0.0474174897810414
0.615369654644856,0.173688657260554,0.0679812991281419,0.0304941144798035,0.0036687513936337,0.0630549911336899,0.0457425319593216
0.633079118589763,0.165134321826993,0.0632650934551251,0.0301466259128633,0.00376842644944211,0.0612107939779398,0.0433956197878731
0.630491688399548,0.177226203754673,0.0645465791690264,0.0308009462928939,0.00441613345875549,0.0462031068441342,0.0463153420809684
0.617514646831806,0.170388426798977,0.0630796275256963,0.0318821524070532,0.0034290253993139,0.06845273717975,0.0452533838574031
0.617455740049563,0.172767815187473,0.0643443752765793,0.031773327430998,0.00398533923619908,0.0641190231594889,0.0455543796596988
0.598895422012919,0.162439812249323,0.067758184764965,0.0400277622127315,0.00510501147364171,0.0816834276753865,0.0440903796110341
0.590529159669546,0.173061729962912,0.0645174805656671,0.0270163459375487,0.00384302570243545,0.0936337716867987,0.0473984864750919
0.681954157326491,0.150753760077452,0.0392598577549634,0.0238809416113905,0.0177080506740785,0.0481147029022598,0.0383285296533647
0.665220626240076,0.143220541169569,0.0389447009208413,0.0202640924124297,0.00735910384005712,0.0840073810949172,0.0409835543221099
0.693388283182882,0.178542860370561,0.0374428752877958,0.0210548719299629,0.00683825910751354,0.0124814697704632,0.0502513803508213
0.580437954821789,0.1530529866524,0.0506521454187639,0.034044042524909,0.000714958993886241,0.122673247594513,0.0584246639937399
0.596854185594345,0.143741154814073,0.0477948544265028,0.0606077330812865,0.000702401079132444,0.0952369024955032,0.0550627685091565
0.69662417773194,0.0688909489313393,0.0218692754379038,0.0709501005559236,0.000607613688164067,0.115057975260413,0.0259999083943162
0.844346570398718,0.0422995110564542,0.00772076655596792,0.0111887716267784,0.000447996404162048,0.0775474537944166,0.0164489301635028
0.758722795115804,0.0489952941411194,0.014543031381452,0.0480382530763501,0.000477259541807959,0.110746495252734,0.0184768714907334
0.863628983988962,0.0542713784385925,0.00729581088704455,0.0108763725670544,0.000555038981963851,0.0439497700575541,0.0194226450788287
0.938450664521228,0.0230805186392874,0.00461662908685125,0.00428649679239143,0.000549657396782105,0.0209929048812711,0.00802312868218898
0.919218738427077,0.0252650662925646,0.00808909546344179,0.00609476009615093,0.000554163649773018,0.0324676941641876,0.00831048190680455
0.943643885332535,0.029157988231273,0.00609270886485895,0.00533097116577324,0.000544096258286006,0.00565675591022436,0.00957359423704943
0.868247158814624,0.0438037308093258,0.00674822947583934,0.0186404632993369,0.000571971327214656,0.0470060051093606,0.0149824411642989
0.85394626399198,0.0329246637632817,0.00467142128357767,0.0325818278805392,0.000456111804723646,0.0639138509034562,0.0115058603724419
0.903231775686005,0.0297426313448515,0.00568563364138635,0.0191339001309953,0.000546832673177607,0.0321468069733497,0.00951241955023431
0.881218472309706,0.0557961016875604,0.0112237592820322,0.014710735535504,0.000544983713964383,0.0189618292841386,0.0175441181870948
0.870331771571293,0.0516239414457246,0.00754882595906641,0.0160968059764213,0.000444466456858122,0.0364138926560112,0.0175402959346253
0.851638954899315,0.0442640660394346,0.00834135810163089,0.0175712323694909,0.000556195364000849,0.0622806301621362,0.015347563063991
0.795688091325828,0.0653578222251405,0.0146510826442043,0.0421201172059086,0.000686603668711758,0.0587186222851655,0.0227776606450416
0.897449526607512,0.0387741930629826,0.00638900079432804,0.0178430888332354,0.000550867079359011,0.0255548615866136,0.0134384620359693
0.795663778881672,0.0461973951764685,0.00954118263544372,0.0211770425595005,0.000581952678624086,0.111245718805485,0.0155929292628062
0.780747738674003,0.0722491044171949,0.0265930053064498,0.0364073520477381,0.000684643896259605,0.057980906253698,0.0253372494046562
0.761006122280543,0.0941684301039903,0.0367929341857417,0.0332136427980981,0.000670863119281363,0.0420513519196875,0.032096655592658
0.718700125982315,0.0961666106939929,0.0405991195066966,0.0451219829438408,0.000695841277184363,0.0651926544636256,0.0335236651323448
0.742494763282484,0.106127668927827,0.0411814107546765,0.0320172195485655,0.000678679709273837,0.0433328402543732,0.0341674175228003
0.826238252111926,0.0877156080544441,0.0248696794664033,0.0157653015503112,0.00066602315856831,0.0175424437741631,0.0272026918841843
0.673404330965168,0.063731236493584,0.0311810049329538,0.07652093627467,0.000621274345380772,0.134913766728176,0.0196274502600669
0.822545657872917,0.0954454389261802,0.0310920706989134,0.0126755348165558,0.000649861356495347,0.00725779584556345,0.0303336404833747
0.853889745678083,0.0792808932970911,0.029374345915468,0.00786223091478859,0.000655041730352015,0.00338585704375108,0.0255518854204666
0.824435979872743,0.0748548119600284,0.0270514122440999,0.0215098730480014,0.0006516981869189,0.0277040934212491,0.0237921312669596
0.882425099987658,0.0690650136983164,0.0159122867860201,0.00629779335175935,0.000662860082197435,0.00298407042665048,0.0226528756673987
0.821887598480636,0.0894903908457594,0.0376099542513052,0.0117797983779552,0.00075612668291002,0.0122127487012528,0.026263382660181
0.885029679072659,0.0768234070057098,0.00733615387746765,0.00702102277456456,0.000733228531438519,0.00209553119891992,0.0209609775392401
0.860249523989215,0.0928792461429389,0.0102600056334324,0.00874800808291057,0.000755553021743649,0.000648253373387211,0.0264594097563727
0.928286894763435,0.046352996186828,0.00596741654973978,0.00426188846560495,0.000745495653541586,0.0011718990661827,0.0132134093146677
0.837107583677034,0.039429569042873,0.0133261266681861,0.0214754355252988,0.000880398440400646,0.0746742722255575,0.0131066144206495
0.810887511322884,0.0660146563171005,0.0184251244379799,0.0166164489464207,0.000790823956276788,0.0642058957082992,0.0230595393110393
0.868302367028982,0.075967816303957,0.0113887875956585,0.00829320442101269,0.00154868934972503,0.00939907144307589,0.0251000638575887
0.85681137338574,0.080981535586995,0.0130056375470905,0.00689978184043777,0.00169689010496338,0.0131206506539012,0.0274841308808722
0.88476259417993,0.068897290398843,0.0140693568546187,0.0058065547148592,0.00212233806194113,0.00245605391458495,0.0218858118752235
0.882687738860262,0.0375361643554084,0.00647173131941892,0.00482323866711664,0.00070583514419674,0.0558917059181928,0.0118835857354044
0.892572783493992,0.0646256927510526,0.0142313540090426,0.0049542060511722,0.000527231209599024,0.00347972598335356,0.0196090065017883
0.905879128351402,0.033005024288607,0.00808040264823864,0.00398388243667965,0.000569174155341914,0.0383537485830038,0.0101286395367275
0.888599477420077,0.0331548672505452,0.00788219816723567,0.00382516852356695,0.000579728148638506,0.0555262097105715,0.0104323507793655
0.845943337148638,0.0437429697552391,0.00744949006864694,0.00528647905155669,0.000600974654717335,0.0850807385002638,0.0118960108209383
0.917505139260878,0.0551843247669147,0.00618153746885519,0.00528160793257483,0.000674185341655795,0.000899508409271529,0.0142736968198497
0.922685968000053,0.0467226666948994,0.00411594904145547,0.00378139087558116,0.00155799564658547,0.00901040155584871,0.0121256281855768
0.952456290812373,0.0326520867264373,0.00187513566726264,0.00220592194668199,0.00154493909293454,0.000220709870947915,0.00904491588336215
0.912741746364414,0.0464935505287569,0.00583911203254701,0.00341448741960831,0.00165296767719224,0.0175182341263026,0.0123399018511787
0.899457521896823,0.0459141462530763,0.00748423858928824,0.00312872204925678,0.00223472565907951,0.0290450865303414,0.0127355590221346
0.831328911725149,0.0374339359528046,0.0316045743640529,0.033620914268534,0.00324967805304518,0.053460076015056,0.00930190962135849
0.854091842816948,0.056665476875619,0.00884306601721256,0.00418860794374001,0.00279179080336887,0.0580607745782837,0.0153584409648278
0.827604816826596,0.0956266894675736,0.0197564630482729,0.00880617041175871,0.00259628151082455,0.0197567638061994,0.0258528149287752
0.841262566030751,0.101992833038985,0.013779525195336,0.00835343828542206,0.00249516111093448,0.00553359032151282,0.0265828860170589
0.894271827995376,0.0707339740937956,0.00765827278743002,0.00638124863546213,0.00202166502623546,0.000531310264000773,0.0184017011976996
0.951554270665002,0.0305706229008734,0.00486523574011903,0.00243288332762696,0.00137459524239723,0.000951696954927305,0.00825069516905425
0.891199980987222,0.0724261355670161,0.00694858546948366,0.0054285724219808,0.00249706776213417,0.00162868085240178,0.0198709769397612
0.882906224616233,0.0782779317916,0.00691524335050131,0.00548089237369264,0.00372702255689318,0.000547614651686219,0.0221450706593932
0.764322734530394,0.0763449584690395,0.0101399364695263,0.0129375592898748,0.00361366144756875,0.112010513223245,0.0206306365703519
0.865331285779949,0.0694576990577155,0.0103426965364746,0.0153498087835797,0.00326669758937777,0.0178541155954246,0.0183976966574791
0.784282022630922,0.0510101884638028,0.0131099361953685,0.0075077479358536,0.00417059539354518,0.126690062791268,0.0132294465892401
0.750282739582208,0.0693074608822603,0.0151128814808359,0.00920954127681193,0.00637579892261064,0.133418255922331,0.016293321932942
0.857258119810771,0.0906231046826188,0.016192756418011,0.00739955239661356,0.00450462003807879,0.00214428668310798,0.0218775599707986
0.903231790120407,0.0515810843999382,0.011829399562191,0.00831259231195685,0.00319777063088765,0.00948500249316829,0.0123623604814509
0.900890495289366,0.0676931601275656,0.00464292755106917,0.00539750912363292,0.0035626278904022,0.000432031076678509,0.0173812489412857
0.619624313132594,0.0980647648210047,0.0499572006231411,0.0697402400398242,0.0065543635556201,0.131574544537408,0.0244845732904077
0.807575057641853,0.0811348540981592,0.0154157501169613,0.00832587823375519,0.00607665269549985,0.0605411984423763,0.0209306087713947
0.88167509746073,0.0465047032522586,0.00945254879713437,0.00890936260960834,0.00315045826561903,0.0390073121343088,0.0113005174803405
0.87998898521697,0.0761763786319317,0.00902437403617021,0.00569387568200806,0.00537169102860256,0.00408294811739738,0.0196617472869198
0.831163128925271,0.0895027262490427,0.0127384435026782,0.00648114790766547,0.00759882214165012,0.0288278582244467,0.0236878730492462
0.742989976322937,0.143075194845637,0.0337835006857528,0.0173440239690977,0.0102040075763612,0.0153044101216573,0.0372988864785566
0.794966025162384,0.0720561467237604,0.0213398396413938,0.0317804258867358,0.00596697799461148,0.0546155644547332,0.0192750201363811
0.831732162339968,0.0613516999886836,0.018115973511652,0.0153369300362669,0.0038892726937741,0.0542366343981812,0.0153373270314747
0.877252549859747,0.0720741751662028,0.0130833355434552,0.00554352416124296,0.00465745919502151,0.00842754878420693,0.0189614072901232
0.668581337898049,0.1106391614678,0.0521789135148619,0.0249819783482666,0.00676842462629275,0.106083392328516,0.0307667918162144
0.671007956203379,0.111104361390941,0.0401986228755092,0.0250312537448201,0.00678177492236832,0.114801981178726,0.0310740496842569
0.730021930892831,0.117515891086637,0.0327198348529284,0.0239239297593534,0.00562965461198136,0.0587580829355502,0.031430675860719
0.783824259965382,0.0823532352415527,0.0208217315448115,0.0195349399690751,0.00526355055702089,0.0656254944345543,0.0225767882876035
0.745923532510366,0.111915087844972,0.0304891737839819,0.0182916817205103,0.00717382472190982,0.0554783819624471,0.0307283174558126
0.790135785885714,0.107104579235853,0.0242318053531811,0.0182884750626039,0.00663009140091298,0.0244617517847544,0.0291475112769808
0.791562816572313,0.0983929393983662,0.0276579706579282,0.0118871666025986,0.00623815613575554,0.0382511461721077,0.0260098044609307
0.745371720295433,0.1211001201183,0.0340921203644836,0.0158622722920868,0.0078125837232221,0.0427346073888635,0.0330265758176115
0.76323808098008,0.0996366489044649,0.0273096281263496,0.0243002381933904,0.00740633446223823,0.0508002967138455,0.0273087726196318
0.701766706519675,0.0982288155054526,0.0338872747988836,0.0504729851213778,0.00533152077633896,0.0847196351592538,0.0255930621190186
0.74455494215438,0.0866150676892964,0.0267120730290722,0.040933201383573,0.0047418853915908,0.074355743079635,0.0220870872724523
0.686248279757889,0.119448799264289,0.0344948943342607,0.0463449154520297,0.00692292879997652,0.0753293974893928,0.0312107849021624
0.649640192438188,0.121622124203441,0.0384625186036078,0.0587107282523187,0.00670956173158878,0.092383159085511,0.0324717156853447
0.71778964581515,0.123817765390533,0.0357405873899889,0.0319088093157278,0.007078138606661,0.0511739611175229,0.0324910923644164
0.571023479562952,0.135588121779806,0.0431957420960753,0.0771531485607587,0.00661734926990242,0.13021689032989,0.0362052684006157
0.639888114061384,0.11357336489962,0.0400259390030591,0.0626147012583558,0.00650769322645612,0.106940650849866,0.0304495367012595
0.724788236265682,0.0956033410788059,0.0300533288486693,0.0425926574991969,0.00437814609537965,0.0779739421236463,0.0246103480886201
0.673057250020808,0.117559153990374,0.0409386971997029,0.0371642694289579,0.00857692850070118,0.0906846464752574,0.0320190543841985
0.757008769261382,0.10505779048374,0.0289577349822053,0.0157847263572594,0.00675052766655439,0.0580264994227952,0.0284139518260638
0.651132377330736,0.178297495104696,0.0412986020456663,0.0229427200766798,0.00638038423995229,0.0496947127356642,0.0502537084666061
0.761719721874076,0.102384344008151,0.0531900532216021,0.0147020980970426,0.00746020248419904,0.0328666283793446,0.0276769519355846
0.741211043423821,0.110847909676365,0.0264957194160192,0.0158979199430417,0.00927472234149583,0.0666845622433009,0.029588122955956
0.772400311372286,0.105207340840855,0.0300261450152696,0.0147948673066286,0.00881250645042521,0.041668661066663,0.0270901679478725
0.770025817324351,0.117824959674986,0.0358487216548359,0.0168009211054524,0.00941690025457195,0.01947727773504,0.0306054022507631
0.768787297631749,0.106248103893469,0.0366774936039957,0.0195823817720216,0.00865596472303285,0.0331080377595846,0.0269407206161467
0.801954138791779,0.0874820483380926,0.030849907046504,0.0167186517017644,0.00765852804951307,0.0332239394653599,0.0221127866069867
0.776855882255093,0.109953083632657,0.0353513944971781,0.0176206824551687,0.00886511119992781,0.0234606516667642,0.0278931942932111
0.709751143865649,0.163053617843038,0.0456717400886811,0.0186424414419122,0.0121347022964841,0.00926610495448984,0.0414802495097461
0.71284230567918,0.118627994141039,0.0387517917798494,0.0326684329926741,0.00912522000625766,0.0570042852713731,0.0309799701296266
0.794845114566604,0.0812122533694857,0.0214744237812314,0.0104640393076142,0.00806716869426365,0.063552250031491,0.02038475024931
0.762426882141448,0.115610881314688,0.030133671249932,0.0190666371043645,0.00964289760146848,0.0328747417843452,0.030244288803754
0.756459600909332,0.131273621308539,0.0322159918370699,0.0182378532971514,0.00961024034412288,0.0174735109555909,0.0347291813481943
0.653820044325362,0.186980922284647,0.0453881110995912,0.0263070624499464,0.0132110649757593,0.024839532743484,0.0494532621212102
0.86301906371856,0.0668782118211388,0.0131170986610031,0.00709595912573677,0.00795707330361819,0.026127371657108,0.0158052217128356
0.80779166154649,0.0673301332348613,0.0158484148690542,0.0101151574752599,0.00730622452473249,0.0750855421471265,0.0165228662024757
0.874170055460297,0.059464357978553,0.013379184157813,0.009236897861997,0.00605324875913331,0.0229367445281073,0.0147595112540991
0.790232609483839,0.0656508845080122,0.015625118358539,0.00910592902033758,0.00708274134559912,0.0956656738018912,0.016637043481782
0.853626546479366,0.0256435836495372,0.0105654801620302,0.00352202573154411,0.0027518965951454,0.097837378225856,0.00605308915652078
0.810321257173325,0.0930611385785282,0.0253407748481196,0.015096842282661,0.00776363104603517,0.0241544091764836,0.0242619468948474
0.786317271423145,0.0855182946128137,0.0222702919267858,0.0157001359297362,0.00679208009031724,0.0616883988129174,0.0217135272042848
0.771462244438437,0.113506563536467,0.0347055256612175,0.0153882404239371,0.0093862138367052,0.0258655547985388,0.0296856573046979
0.798437303233783,0.109148929250043,0.0298570564088971,0.0120289942382369,0.00929664542771919,0.0125771194519158,0.0286539519894051
0.805253501561385,0.105172137273265,0.0290272268907331,0.0116975032530866,0.00909897606310087,0.0124558670073987,0.0272947879510305
0.764573854032352,0.0868388626607653,0.0246320394769137,0.00930773720711685,0.00908137316500972,0.0836582464425193,0.0219078870153233
0.770802204435846,0.107997006538583,0.0324542794862757,0.0219345051063788,0.00861690973852618,0.0298813283354712,0.0283137663589193
0.831997711614778,0.0517434252770881,0.015610205763025,0.00927881194579907,0.00491194035769648,0.0736854874916221,0.0127724175499911
0.748771013022232,0.141426639655179,0.0420149017299544,0.0131027318699492,0.0113697834415214,0.00671370328169476,0.0366012269994694
0.814933598976801,0.103115002766577,0.026560655025499,0.0119849593200953,0.00809824588410018,0.00896179250333956,0.0263457455235877
0.786453895534022,0.11594522740553,0.0283845180083954,0.0123356586009949,0.0081884238565256,0.0187785035022733,0.0299137730922591
0.763470533167556,0.134972847155743,0.0326389943033935,0.0146645874005646,0.00948351073421796,0.00970331120658138,0.0350662160319431
0.787017244313125,0.126566015346624,0.0285498832003207,0.0103918606508041,0.0102822258463191,0.00525143622823966,0.0319413344145667
0.722394516896721,0.15216316844393,0.0399077633649113,0.0202288053049334,0.00978583897215797,0.0150616906225361,0.0404582163948096
0.823559489792177,0.0943427226890142,0.024923921413451,0.0121343098551104,0.0068876498732085,0.0134465396977119,0.0247053666793267
0.79527197793002,0.0721371112430319,0.019961846379563,0.00623849916490087,0.00680526788247978,0.080984723501618,0.0186005738983863
0.725219176251426,0.146604183258495,0.0315663772942911,0.0222418092474865,0.00966138625234298,0.025052005198286,0.0396550624976731
0.752642626007231,0.0832138387054447,0.0163228387817039,0.017122115329939,0.00639175777206027,0.102504618358643,0.0218022050449784
0.808825134203128,0.120180962213617,0.0159124087343183,0.00856721671444925,0.0105720679541628,0.00422876664715138,0.031713443533173
0.694808993418658,0.108953902651247,0.028033248005039,0.0216676312369109,0.0295039689953585,0.0990370507735983,0.0179952049191882
0.664307621536333,0.129727758059239,0.0436320795160777,0.0381189752926913,0.00551330772594452,0.0843341465594261,0.034366111310289
0.687206137464599,0.122621853220169,0.045113634721891,0.0371300331915775,0.0057835847259939,0.0710274924944541,0.0311172641813157
0.61540665723514,0.139865643240774,0.0612111239010583,0.0539729161444606,0.00498280466255294,0.0880229935073629,0.0365378613086512
0.693875225445045,0.123996963889124,0.0321802122757377,0.0439449545988775,0.00703568136142326,0.067362705745979,0.0316042566838133
0.623231961399391,0.12763227661076,0.0356587199893033,0.0663939206339957,0.0081653099345754,0.106499989098568,0.0324178223334068
0.62317291797733,0.130327739003489,0.0384853589363822,0.0646203507231316,0.00731314301310798,0.102151031874036,0.0339294584725227
0.631616466110669,0.123116357397288,0.035877509531913,0.06371370131769,0.0081604122033179,0.1063169017868,0.0311986516523219
0.666498662705324,0.122220726438642,0.04365684596548,0.0487915228898211,0.0078204651014083,0.0797279311324079,0.0312838457669173
0.653258468448842,0.133599328522051,0.0445320128111219,0.0467627788313222,0.00693266958289987,0.080135714742395,0.0347790270613683
0.572457856214788,0.136297250523573,0.0472013835002568,0.0762372865875087,0.00630132818459136,0.12604139184664,0.0354635031426429
0.698983900478959,0.114207624939245,0.0430832373169133,0.0396629458004679,0.00854860795839435,0.0677027904958481,0.0278108930101718
0.676860149121176,0.129975458152406,0.0359287781407436,0.0438990486571407,0.00878037976112465,0.0722078414940147,0.0323483446733942
0.605482178457924,0.125525684533912,0.0388284161999867,0.0716715106384807,0.00818045016919988,0.118686621176848,0.0316251388236488
0.657574342444129,0.139358509604968,0.033669553024244,0.049449287708586,0.00818379865348603,0.0761082205861294,0.0356562879784574
0.669138326120499,0.125967604866671,0.0380673619601908,0.0476127354198156,0.00791723932748953,0.0795146046190337,0.0317821276863006
0.747363311071005,0.103885761575125,0.0493991409651963,0.0228755701849927,0.0117151928887954,0.0406694317497001,0.0240915915651853
0.788189644279352,0.113214089669631,0.0281383321467628,0.0114518160986987,0.0115619196052864,0.0200679078212281,0.0273762903790413
0.820205783309366,0.0963049181206454,0.0221472722596404,0.0113996113136792,0.0100969048548124,0.0168288090998298,0.0230167010420268
0.77925980336471,0.112202406384205,0.0229719658816234,0.014758966677758,0.0118753292602141,0.0310752737972105,0.0278562546342794
0.773018430234902,0.0956433479656416,0.020397281567368,0.0132585834569175,0.00713970460728325,0.0674257463542668,0.0231169058136211
0.752859671886676,0.13735054411567,0.0324681160255514,0.0136113144981134,0.0118275774043473,0.0175175659315758,0.0343652101380652
0.758396639787233,0.0870528106373273,0.0259512528438739,0.0147802343473091,0.00779683997400551,0.0846082904976634,0.0214139319125875
0.787393012171718,0.11061445917946,0.0283977061730457,0.0148071495472366,0.0102765060489094,0.0211063778257836,0.0274047890538471
0.748290473346424,0.131988179346113,0.0331070966980046,0.0183923384703313,0.0103669975561069,0.0241902608476616,0.0336646537353588
0.730706824484634,0.146890844817421,0.0346523285152632,0.0188904314928915,0.00983689880459577,0.0212390824341656,0.0377835894510284
0.710978013731071,0.134364116772678,0.0379426257041593,0.0144158420738937,0.0092269376838002,0.0585891414081379,0.0344833226262595
0.697659249231748,0.125411472128979,0.034463337797475,0.0391877568531929,0.00922160886643703,0.0609760914807464,0.033080483641421
0.779413322427213,0.0838151760958823,0.0277129102302458,0.0187371498124158,0.0061708370403878,0.0628323723755098,0.0213182320183458
0.832382453198923,0.0692029832273425,0.0156618314023577,0.0144387701990102,0.00499814502894383,0.0462100618456966,0.0171057550977263
0.824631760714631,0.0888457819408348,0.0181224177503156,0.0110490302698697,0.00618765832987997,0.0292839537016417,0.0218793972928275
0.648554858831434,0.101061722957029,0.0341892368696982,0.061713542308703,0.0095528902482925,0.11928598563659,0.0256417631482522
0.701504203927376,0.111777556034428,0.0303031031354374,0.04277271621741,0.00664441054358117,0.0778590833326508,0.029138926809117
0.585349459904164,0.144657212785692,0.0597785323126942,0.0568252867126679,0.0093484277622748,0.104556176084737,0.0394849044377703
0.666695827574549,0.125448721290825,0.0405563563743466,0.048455627770309,0.00789886463666781,0.0771074225934091,0.0338371797598929
0.620250706541655,0.166187145356861,0.0496077343016334,0.0444463762759431,0.00985225307504659,0.0639170364654924,0.045738747983369
0.626445749322968,0.101768831163829,0.0471580004197913,0.0668901065654505,0.00670176206517511,0.123360758290948,0.0276747921718384
0.671086162867444,0.168323541294774,0.0484155093636242,0.0275019264186962,0.00772916689868491,0.0311415799800937,0.0458021131766834
0.807020219431633,0.0790285620770342,0.0271996826381845,0.0204842845384451,0.00559653111587049,0.0401860013462942,0.0204847188525389
0.76086845981199,0.110153393029046,0.0308904561992979,0.0222098995440974,0.00710349113863892,0.0395734995350393,0.0292008007418907
0.720222119780483,0.151120589732527,0.0300197649004648,0.0214426483761118,0.0103830571184178,0.0266348549867241,0.0401769651052722
0.746528318918326,0.12133490149827,0.0326406560388331,0.0238596480244394,0.00832957027446413,0.0352294725054504,0.0320774327402161
0.589450156329235,0.128384224583366,0.116786704581201,0.029909172111193,0.00997055961335807,0.0835003329494653,0.0419988498321812
0.609537171850703,0.208290844682363,0.0928865781794619,0.0265908559753462,0.00951158917560927,0.00920455673652273,0.0439784033999935
0.603065784252188,0.19097011518408,0.0998893849375864,0.0278012201096603,0.00802020739318318,0.023524683878605,0.0467286042446966
0.589743565999588,0.14745077157255,0.0780406050126774,0.0357071875426611,0.0103678275250251,0.104824661721108,0.0338653806263901
0.577397165610913,0.153835958172302,0.0814191615920242,0.0390287204227143,0.0103324011449107,0.104466480771191,0.0335201122859448
0.663013454402704,0.160354145830414,0.0848688320089672,0.0368339592893525,0.0102931871429033,0.00975034344409144,0.0348860778815671
0.676498370679585,0.159629355518652,0.0844855920486616,0.0285400710526681,0.00909119471751278,0.0052862139131711,0.0364692020697496
0.640687916006084,0.176043761855953,0.0931736928426488,0.0284268184817594,0.0110438019613029,0.00765390882968398,0.0429701000225683
0.640677920670014,0.165635663641546,0.0876644624130007,0.0305087406842446,0.0107872033610947,0.0228832581429783,0.0418427510871223
0.600606612460032,0.148617098637165,0.0740519490724775,0.0468514341725645,0.00593874322082745,0.065295601889589,0.0586385605473437
0.678435296980412,0.124487818201584,0.0636693098615134,0.0357004103847742,0.00502065562856965,0.0385996655811837,0.0540868433619632
0.704063431694597,0.11291737916781,0.0559542454596615,0.034053635241692,0.00485588771778453,0.0394500641055851,0.0487053566128699
0.73784309782494,0.110399869438171,0.0494895361947698,0.0260992560996072,0.00483007930382916,0.0237851490620251,0.0475530120766576
0.842981547592102,0.0377908663528551,0.0272685117750687,0.0139158915635152,0.00392924885609674,0.0581268178182852,0.0159871160420774
0.646295547663155,0.116627587015073,0.0747851972613835,0.0455721019760685,0.00485110814470115,0.0622293932283185,0.0496390647113001
0.655479528103176,0.101281307643064,0.0661947116399296,0.0482556170892428,0.00387961927739895,0.0806571038707568,0.0442521123764319
0.560051788356602,0.0988591637024243,0.203776985737715,0.0272135034773234,0.00920030035946357,0.0563974610515263,0.0445007973149458
0.814526438332955,0.0581214626250338,0.0444901039091173,0.0214337945119398,0.00470766256556168,0.0310714358824057,0.0256491021729865
0.800827323283497,0.0624580501836858,0.0505089129663442,0.023363346438923,0.00532062054253951,0.0306622047309155,0.0268595418540945
0.789399697092469,0.0771254944497442,0.0624283395422989,0.0151363418863307,0.00450666098405412,0.0177148631427439,0.0336886029023595
0.865757955037448,0.0513418330093383,0.0287705237104736,0.0112928995552794,0.00345802542019806,0.0158298595963209,0.0235489036709418
0.796273891939524,0.0840849473418494,0.0497136925448789,0.015001525322043,0.00429736822258973,0.0116926125418064,0.0389359620873082
0.714016569779546,0.107080125859504,0.0544335423376935,0.0327705377411262,0.0060993560736074,0.0388145431359163,0.0467853250726068
0.664661589347069,0.174075787398956,0.045594945555665,0.0200161220553841,0.0109992608854514,0.00274214092674168,0.081910153830733
0.669517461426842,0.17035634363748,0.0471843551769253,0.0205524265793156,0.0112191036455175,0.00296252796516016,0.07820778156876
0.812808457188442,0.097974855065137,0.0230234686494272,0.0104950693862773,0.00913204601763902,0.00173519575565788,0.0448309079374193
0.716118410321361,0.149143715689649,0.0321296679241195,0.0164475870296587,0.0107248782751113,0.00248978620951737,0.0729459545505832
0.606572520967564,0.128152659271876,0.165168476615481,0.0150123361806482,0.0120490203748535,0.0132779196511684,0.0597670669384092
0.617974409756662,0.151633188868103,0.0528038093054706,0.0460933394306831,0.00669112322412832,0.0642111301931003,0.0605929992218532
0.581304360085974,0.138560960233999,0.0721618625370149,0.0422532848681045,0.00675935131389076,0.10263840053871,0.0563217804223066
0.640426366317066,0.145167583270625,0.0738999956689795,0.0393077023338033,0.00600381518003512,0.0379493353199004,0.0572452019095899
0.653388838457466,0.124317752567544,0.0658611619925601,0.0417062627360867,0.00717184820461466,0.0555661472435507,0.0519879887981775
