6.328062223171097012e-01,1.350335584983905213e-01,5.626360269482701820e-02,2.796564178214398788e-02,9.756219180147438635e-03,1.114990391692142202e-01,2.667571635816703979e-02
6.521281620176582194e-01,1.112029392429700198e-01,3.491686414509562880e-02,1.228193323004575510e-02,1.553622584516408354e-02,1.319539168069784885e-01,4.197995871208774765e-02
6.327073701289669394e-01,1.260070837352400275e-01,4.983978280857082055e-02,2.307277751237699417e-02,1.349051535370386114e-02,1.251565731265430470e-01,2.972589733459826342e-02
6.389977117208717194e-01,1.263963557292172857e-01,4.854056447157318460e-02,2.177251115235652110e-02,1.473286611429664578e-02,1.187501286736706574e-01,3.080986213801407622e-02
6.369812531865597371e-01,1.229652050640090977e-01,4.652391682906984599e-02,2.042202913846613219e-02,2.025812694310730536e-02,1.210077926273247784e-01,3.184167621146324206e-02
6.479726355559793927e-01,1.202839135525324288e-01,4.209524387753867808e-02,1.690093376199745465e-02,1.592567919811577887e-02,1.213165214004894021e-01,3.550507265334684748e-02
6.420393685887332280e-01,1.161692375972227936e-01,4.048890504629831799e-02,1.607770233125985909e-02,1.962612631612721537e-02,1.293213874417489251e-01,3.627727267860971633e-02
6.522948232782465050e-01,1.208773257428052417e-01,4.154136905715680173e-02,1.636806468206247756e-02,1.248419606304156625e-02,1.202154498892180207e-01,3.621877128746944785e-02
6.579904936984762864e-01,1.098737120499748421e-01,3.279515386244338804e-02,1.089912767990759875e-02,2.026734515306491402e-02,1.234341273292965807e-01,4.474004022683658599e-02
6.605643887347236731e-01,1.110354338504832977e-01,3.308503256329357878e-02,1.099598703307785863e-02,1.627768249665656128e-02,1.234039035564875320e-01,4.463757176527761994e-02
6.496987110205939553e-01,1.035711859151300929e-01,3.007432658385278054e-02,9.600427659357719384e-03,2.533595507907192984e-02,1.344246684765617872e-01,4.729472526543168631e-02
6.088797075759839750e-01,1.472807507895292911e-01,7.178726599028871502e-02,4.323309839622692385e-02,1.038248208087498266e-03,1.075065645094948064e-01,2.027436453038889558e-02
6.467001785027526317e-01,1.279737571741385027e-01,4.786247412576551813e-02,2.090500680826441401e-02,1.028898557827668701e-03,1.238428748398811702e-01,3.168680999137012816e-02
6.381672847749351174e-01,1.290347528981029002e-01,5.076914125696937313e-02,2.347395843790708522e-02,9.000853326432331752e-04,1.280703571017037801e-01,2.958442019773850976e-02
6.386054472546190963e-01,1.298477973835368560e-01,5.122650677209011211e-02,2.378551741149670731e-02,8.553172988045821754e-04,1.263055913641414896e-01,2.937382251531103425e-02
6.116198662653165030e-01,1.459268113033728720e-01,7.003631106749745594e-02,4.137282377230268315e-02,4.790968868876982457e-04,1.096891143732740270e-01,2.087597633134868902e-02
6.657416501119844954e-01,1.089746551996079171e-01,3.083615037648615442e-02,9.658876944076039833e-03,7.129199248359788590e-04,1.362362399710367877e-01,4.783950747197265874e-02
7.021007345239135278e-01,1.304472587538660355e-01,3.475127968904462294e-02,1.059777245019948196e-02,6.618883607780705206e-04,7.586093428196695465e-02,4.558013194023129849e-02
6.663768672520518077e-01,1.139474331744949193e-01,3.392547638594839432e-02,1.131824242074103669e-02,1.541411361075598150e-03,1.286779673295835591e-01,4.421260207610462623e-02
6.537701420660281260e-01,1.069076085353911354e-01,3.170127947893114362e-02,1.040732654120223727e-02,1.050327840588614371e-02,1.410356764320420120e-01,4.567468854051918992e-02
6.551740082723285230e-01,1.035844140013648662e-01,2.923904645132712615e-02,9.050967203769825706e-03,5.251614484208470997e-03,1.487125738934817476e-01,4.898737569351945681e-02
6.497881059187723407e-01,1.003377029891611288e-01,2.799543700314199163e-02,8.510814624529249722e-03,6.495279051900037723e-03,1.566480734412458442e-01,5.022458697124947830e-02
6.742673234264080495e-01,1.120111102947038695e-01,3.105038365663203084e-02,9.564247042827694195e-03,5.075688441864994755e-04,1.243103508754301312e-01,4.828901585981164313e-02
6.724681960124995195e-01,1.077775492675594332e-01,2.875566572733535831e-02,8.440306263654762803e-03,5.124415385130506482e-04,1.307372096944444950e-01,5.130863149599338563e-02
6.775306120914711405e-01,1.144097401661345048e-01,3.184437169502470077e-02,9.892550719202579390e-03,9.394911554634610956e-04,1.178462397158169944e-01,4.753699445688663178e-02
6.708775477022645983e-01,1.024847193888931002e-01,2.572900169576852053e-02,7.011053810896009791e-03,8.205878238059166130e-04,1.370246376778472275e-01,5.605245190052448451e-02
6.751244839394431319e-01,1.132831072669504002e-01,3.166403093463413670e-02,9.861623852744317784e-03,5.896488276303718046e-04,1.219032703912806131e-01,4.757383478731708193e-02
6.732998895385873261e-01,1.038490456486336755e-01,2.613846305323888966e-02,7.159596368679695989e-03,8.377292918010558137e-04,1.331414150564018406e-01,5.557386104265755328e-02
6.760076570329359713e-01,1.068536331578153753e-01,2.749276304249272454e-02,7.750464174555613331e-03,5.184757716132729630e-04,1.278044842512505441e-01,5.357252256933641571e-02
6.800258498325327805e-01,1.152582464807142132e-01,3.182462929808684698e-02,9.816662780239179126e-03,5.966066607210364359e-04,1.147218058114939238e-01,4.775619913621207552e-02
6.797744316061037351e-01,1.135130081776271754e-01,3.081750110495684244e-02,9.307931526160235364e-03,6.123131139272469398e-04,1.169331665136285059e-01,4.904164795759624607e-02
6.677724038517293126e-01,1.199127318593561087e-01,3.737250876177015263e-02,1.323020718680911582e-02,9.352613761931763414e-03,1.115582641032516198e-01,4.080127047515192534e-02
6.541047327436028125e-01,1.000666712491343618e-01,2.702645509111387470e-02,7.931119038451762970e-03,1.296234595006623934e-02,1.457804712061277486e-01,5.212820472150306306e-02
6.863594550561328278e-01,1.056140550290558672e-01,2.468518583713594228e-02,6.270787013515185387e-03,6.550735144924171860e-03,1.110298427858482928e-01,5.948993913338767453e-02
6.927890170171748796e-01,1.407059238868165751e-01,4.244368585520580384e-02,1.502826202709214853e-02,1.095767760631709839e-03,7.020385954723031008e-02,3.773348390584844309e-02
6.854930814207871315e-01,1.195313451426376072e-01,3.302645956117999937e-02,1.027243078450893778e-02,9.690997802350860904e-03,9.534449755749320465e-02,4.664118773104227594e-02
6.880856627332778697e-01,1.244401109122180160e-01,3.518218193771605745e-02,1.131013019121375474e-02,1.145461970754589262e-02,8.519126875083472827e-02,4.433602576719360144e-02
6.533655508392163247e-01,1.468002943015157824e-01,5.757191055226325294e-02,2.729620104421776050e-02,1.051179063581645333e-02,7.742602912699318718e-02,2.702822349997736906e-02
7.065850497323216128e-01,1.322839891003948498e-01,3.430944112892141129e-02,1.020505364641003006e-02,1.105651880578573196e-03,6.925417628881766485e-02,4.625663822255583757e-02
6.857994946122212276e-01,1.489435536146026806e-01,4.819041407639276797e-02,1.864660130639230612e-02,1.002178347606362714e-02,5.518642422757272931e-02,3.321172868675464213e-02
6.518414213607008900e-01,1.014006417632991180e-01,2.833574178139467922e-02,8.644864507129763898e-03,9.412235412143659177e-03,1.504372986083061248e-01,4.992779656702584640e-02
6.915976589039282141e-01,2.321803389144135588e-01,3.327615097756497775e-02,6.366837585347059209e-03,1.165480467971803658e-03,8.945994934144624365e-04,3.451893365736003610e-02
6.864191300698109233e-01,2.377874577132567946e-01,3.431879110469320676e-02,6.668879227536503480e-03,1.253693013510070618e-03,5.975702504973590340e-04,3.295447862069510875e-02
7.278281888612819772e-01,1.704358305383620875e-01,3.320814738286654438e-02,7.861116014502834287e-03,1.107838242359291802e-03,1.500934356920668490e-02,4.454953539142054997e-02
6.946896668046161905e-01,2.286548440820149464e-01,3.275052563225290536e-02,6.229121603822215976e-03,1.179993558161049338e-03,1.047314797698142060e-03,3.544853352143445546e-02
7.111183448389593043e-01,1.999956833220951913e-01,3.658472811653070561e-02,8.536954113084960910e-03,1.052184848047248806e-03,5.692043059226145618e-03,3.702006170205651009e-02
7.223506299575727096e-01,1.700547609607323540e-01,3.696688898977423116e-02,9.786662515394639952e-03,1.062352692091359180e-03,1.872920537549573397e-02,4.104949950893902605e-02
7.188762878348404772e-01,1.846277500994699394e-01,3.662742540951516301e-02,9.051839706504034855e-03,1.004921266318143519e-03,1.050373975624740476e-02,3.930803592710489097e-02
7.113793415850113711e-01,1.982209087970522587e-01,3.729332085889293380e-02,8.930167868060889802e-03,1.045870181907213861e-03,6.368318140671291872e-03,3.676207256840405280e-02
7.068380873736679337e-01,2.020335334363413671e-01,3.937128162469662185e-02,9.835428337614086219e-03,9.641161021874811296e-04,6.210548477159727292e-03,3.474700464833275354e-02
6.868437594973495486e-01,2.311649829101989073e-01,3.949719137840483618e-02,9.029473100550636927e-03,1.026465577501231791e-03,1.808277595053300749e-03,3.062984994094162389e-02
6.815875653575140802e-01,2.328347140338949961e-01,4.325347266974106236e-02,1.080206497043728099e-02,9.545250576508923198e-04,2.188720326105157536e-03,2.837893758465651062e-02
6.877240574930612027e-01,2.276557815166697363e-01,4.116600248989070454e-02,9.920432117676476064e-03,9.855441104204300511e-04,2.402219913161710019e-03,3.014596235911960048e-02
7.140662267589195089e-01,2.018833865270492356e-01,3.213212879036576181e-02,6.525028890093806377e-03,1.767628313585230086e-03,3.307184286339673665e-03,4.031841643364680872e-02
7.201454292484530395e-01,1.941854777676433330e-01,3.032547692578313123e-02,5.964778074083809840e-03,3.014026097961530759e-03,3.018773610231268931e-03,4.334603827584398300e-02
7.197133622878894021e-01,1.972164112197931363e-01,2.820854754608387652e-02,5.099849399108728754e-03,2.884198556425485692e-03,1.914508475013393081e-03,4.496312251568591878e-02
7.085158445981056818e-01,2.114699581372579684e-01,3.092819721933862120e-02,5.851602958518412230e-03,1.911188407223964698e-03,1.585731525905849197e-03,3.973747715364950306e-02
7.084608403279697431e-01,2.129602713603686859e-01,2.941953215208833669e-02,5.264997894437279009e-03,1.660789132404005917e-03,1.377270702732466068e-03,4.085629842999950051e-02
6.888980070361615526e-01,1.576997958589563265e-01,5.043288485447787461e-02,1.956151585170626261e-02,6.185260014347712838e-03,4.550583354119162871e-02,3.171670284315853544e-02
6.821292031043203474e-01,1.599898668864617735e-01,5.371433108403909223e-02,2.202521142177082600e-02,6.374267294495884577e-03,4.610490612245162628e-02,2.966221408646054283e-02
7.043415597922423332e-01,1.682092994548802234e-01,4.624630682393891801e-02,1.557684311869525669e-02,7.836034139238726853e-03,2.376959861587472217e-02,3.402035805512976241e-02
7.070142810900135188e-01,1.687285188156642801e-01,4.504247432127550521e-02,1.472433633149979569e-02,7.107174891795280808e-03,2.257214366999510738e-02,3.481107087975652409e-02
7.058192610553865043e-01,1.706065470587716237e-01,4.576417829828217931e-02,1.508500823932410265e-02,7.432302742606150189e-03,2.112781666171462125e-02,3.416488594391478562e-02
6.846363943669105945e-01,1.601416221827089981e-01,5.276166614592139870e-02,2.121165735855037177e-02,8.491419390338303397e-03,4.254303688552103085e-02,3.021420367004920907e-02
6.970258764873183965e-01,1.658525007350114822e-01,4.921833953088233793e-02,1.788840812424586160e-02,7.063584558976915458e-03,3.072446153971787261e-02,3.222682902384710335e-02
7.077090174688348556e-01,1.626340640843793872e-01,4.383877220112371992e-02,1.432541304360802036e-02,1.012087034996016557e-02,2.526884761001967072e-02,3.610301524207398111e-02
7.054620043497822346e-01,1.796935053450274267e-01,4.605054235576866439e-02,1.470201111162111433e-02,5.474352533888623452e-03,1.544825765029960753e-02,3.316932665361230909e-02
7.079510605672233448e-01,1.794284571483661661e-01,4.464490628475836775e-02,1.381638767286371208e-02,5.789644623649433351e-03,1.427638979365513684e-02,3.409315390948391283e-02
6.923612814138391247e-01,1.613004408948212620e-01,5.009925289486927280e-02,1.895717004596442212e-02,8.040418753235380883e-03,3.739857971276328019e-02,3.184285628450733707e-02
6.823817846920079422e-01,1.580423132975249945e-01,5.290928263607934390e-02,2.155940100408694146e-02,8.875152091163256499e-03,4.609068108771269268e-02,3.014138519142485484e-02
7.023077599236287050e-01,1.748832795769522386e-01,4.777632908290273261e-02,1.617016517142813928e-02,6.240503644378010695e-03,2.009434526809092750e-02,3.252761733261926719e-02
7.060948534968001233e-01,1.692957434225438040e-01,4.539704568350015623e-02,1.492624368634922621e-02,1.108825961058453567e-02,1.870643286784532539e-02,3.449142123237676494e-02
6.843898695643416685e-01,1.622674049044489641e-01,5.353488106044431566e-02,2.163082157761377078e-02,6.911187404736673923e-03,4.153430958839080672e-02,2.973152590002372739e-02
6.928431329611487444e-01,1.661924063872603774e-01,5.109155834050549405e-02,1.928436752887569688e-02,6.462011846651044555e-03,3.306890805367012492e-02,3.105761488188845884e-02
6.983100649124995840e-01,1.682178618101960732e-01,4.900890118271232498e-02,1.754232006094808352e-02,8.268983695468011888e-03,2.643104250467278454e-02,3.222082583350324020e-02
7.007019346461563769e-01,1.665421390605006935e-01,4.767969601734890761e-02,1.670763190421671249e-02,8.303047512082576895e-03,2.689286259820412167e-02,3.317268826149061961e-02
7.106152605278482914e-01,1.711981995787244248e-01,4.319530253645745277e-02,1.337339537734438290e-02,1.130765873399903511e-02,1.444080817265573462e-02,3.586937507297065231e-02
7.073942856457804407e-01,1.647900246565701110e-01,4.432284618731301834e-02,1.450471728684036773e-02,9.765923615536024199e-03,2.362267339982568673e-02,3.559952920813435479e-02
6.900617843585395983e-01,1.620463750215679344e-01,5.118704395505564025e-02,1.974332584117749478e-02,9.025606758735520846e-03,3.680455708451219748e-02,3.113130698041163130e-02
6.908156525266408998e-01,1.480493124216425982e-01,4.608236872102400988e-02,1.708672451606698187e-02,1.184139058050114220e-02,5.134540260388396199e-02,3.477914863024044595e-02
6.964562855930311880e-01,1.506219542726606464e-01,4.515315201076761792e-02,1.615854735092417740e-02,9.434867228688685603e-03,4.663541784136917417e-02,3.553977570255854868e-02
6.999624841278286880e-01,1.530178781636261087e-01,4.473610124964418761e-02,1.565489132005724177e-02,7.187562813914060919e-03,4.358510110135069282e-02,3.585598122357908091e-02
7.039875490784673895e-01,1.606809854787630831e-01,4.522422068404802209e-02,1.540811533177416023e-02,6.048236502742735700e-03,3.343177440418185209e-02,3.521911852002258120e-02
7.172430963268752180e-01,1.619685673399519632e-01,3.920391257525249890e-02,1.143860497642660776e-02,1.082569854195382722e-02,1.942469865317080283e-02,3.989542158636909946e-02
7.175375732548958663e-01,1.713074586279386968e-01,3.932599473873862189e-02,1.104153738870211968e-02,1.167150722025040582e-02,1.030919778400553842e-02,3.880673098546882915e-02
6.622110507418420555e-01,1.398107662033752918e-01,5.104722685002563431e-02,2.214433419448708085e-02,6.534528494613132087e-03,8.757748061427635122e-02,3.067461290138053659e-02
6.673753928165025995e-01,1.542930511573267494e-01,5.687276247149315039e-02,2.552531059872008637e-02,3.082857594807690126e-03,6.503913310144916748e-02,2.781149225970058411e-02
6.739977216658514791e-01,1.586063137414416291e-01,5.628531502589362301e-02,2.442875984795427405e-02,3.893204267208059000e-03,5.458106162028791841e-02,2.820762383136301774e-02
6.696070310725115160e-01,1.568788850152315340e-01,5.718973667665269017e-02,2.547361280961416702e-02,3.292152492077399673e-03,5.986775928109170503e-02,2.769082265282101982e-02
6.815550468338302803e-01,1.627130065809543058e-01,5.485084410612788008e-02,2.269151318707991055e-02,3.511235991208454428e-03,4.568652218563035855e-02,2.899183111516883543e-02
6.787790912394838783e-01,1.572281772208721229e-01,5.406934564636699247e-02,2.263791166762969126e-02,3.057420710290532050e-03,5.474904332003339286e-02,2.947901019532334077e-02
6.784171592753006630e-01,1.570073071255016495e-01,5.411355376954672669e-02,2.270195817795426715e-02,3.244928157037394161e-03,5.506448307195654229e-02,2.945061042270285395e-02
6.848714972553850977e-01,1.653380860926120521e-01,5.426039816058518539e-02,2.191353778116677045e-02,3.702466929862679654e-03,4.064938455382019478e-02,2.926462922656814999e-02
6.756189902986445839e-01,1.545974681832585074e-01,5.417097911451752845e-02,2.303777960763469732e-02,2.888695551361131382e-03,6.029443740539898455e-02,2.939164983918467200e-02
6.773280545341018311e-01,1.565478349472346209e-01,5.432820617851333300e-02,2.294280010430922376e-02,3.342192957813397512e-03,5.619128674820846048e-02,2.931962452981900016e-02
6.593942760089536170e-01,1.518194643475331562e-01,5.836716452070349337e-02,2.730218022425956112e-02,4.248706885321435617e-03,7.198116987224410790e-02,2.688703814098463568e-02
6.716888951186666956e-01,1.432429770609461861e-01,5.015602117840193414e-02,2.091436842295501392e-02,3.180607057684322388e-03,7.922916436149618491e-02,3.158796679984967465e-02
6.846880085193420840e-01,1.494344728021167745e-01,4.861934257134625098e-02,1.894362515928516358e-02,1.737257389122913095e-02,4.807730560272706344e-02,3.286467145395353950e-02
6.779251942018681421e-01,1.358063167279239813e-01,4.428498402397001987e-02,1.689971797316034210e-02,7.076805421069492889e-03,8.230237591617821369e-02,3.570460573582996677e-02
7.072541666593278320e-01,1.824314341167665166e-01,4.471299085802778184e-02,1.369327000852937209e-02,6.317999528606737733e-03,1.186630774234302514e-02,3.372383108639901567e-02
6.591709138459272976e-01,1.333562458761227698e-01,4.812486512052045057e-02,2.039635676562120969e-02,5.746351325344859796e-04,1.061423476398404148e-01,3.223463561943321065e-02
6.501947081594562361e-01,1.469185526949759180e-01,5.879053039075055748e-02,2.848958435008498019e-02,5.710786757239179378e-04,8.864004037291435545e-02,2.639550535609407750e-02
5.848568526934194711e-01,1.273421896660520136e-01,6.332075641702267221e-02,3.782386485435865892e-02,7.237404633659433317e-04,1.643414697680412317e-01,2.159112613773992231e-02
6.362988533326501273e-01,1.085634908868119974e-01,3.632491134636480629e-02,1.362530888046917937e-02,8.776765738256907170e-04,1.649679984899064256e-01,3.934176048997176794e-02
5.736947142257124987e-01,1.172566100655748483e-01,5.718227915643081527e-02,3.292791335964855709e-02,7.088759806748609572e-04,1.952478599350901400e-01,2.298174727686826471e-02
6.888526379112006603e-01,1.272743944046700881e-01,3.670360855272109674e-02,1.210702197278898037e-02,1.058889118166950541e-03,9.118398970764356182e-02,4.281945833280876440e-02
7.000350167995579298e-01,1.292422634612849786e-01,3.471496868037783623e-02,1.065683380531684543e-02,1.892242160127974391e-03,7.793006392722889863e-02,4.552861116610545933e-02
6.749069677470838080e-01,1.270621511795443914e-01,4.015907121552707293e-02,1.460358735704525394e-02,1.632838704231350923e-03,1.028281353890604516e-01,3.880724840750757881e-02
7.193313225631738916e-01,1.704298832121427520e-01,3.875162142645310892e-02,1.075353883199141672e-02,1.681853420275005850e-03,1.958466091358314690e-02,3.946711963238061505e-02
6.591938030746623545e-01,1.295191780133194137e-01,4.569457387187529640e-02,1.878098875650771951e-02,1.194268913392337959e-03,1.118546511805493665e-01,3.376253618969336789e-02
5.987578965866111602e-01,1.182449447656754860e-01,5.205211907806647775e-02,2.678319971345416092e-02,1.049107314155413350e-03,1.765570508906710301e-01,2.655568165136629535e-02
6.536332866257431595e-01,1.378163825296088718e-01,5.239701961591892304e-02,2.366852661169598082e-02,1.472024131180337371e-03,1.014485382371944217e-01,2.956422224865830686e-02
7.013188184471642606e-01,1.602821549884177743e-01,4.640017081132100790e-02,1.626999433951449928e-02,1.025720157786306954e-03,4.027933787143508915e-02,3.442380338436105969e-02
6.844680498210303776e-01,1.379179766932156770e-01,4.361052679181460362e-02,1.615886553452938398e-02,8.707013789239456984e-04,8.045901497114556211e-02,3.651486480934049844e-02
6.431712769391160212e-01,1.219168522542326411e-01,4.450892341487795029e-02,1.875385552121273253e-02,1.092039847962755512e-03,1.370144751149768858e-01,3.354257690762100369e-02
6.445879592636956090e-01,1.418585829727193603e-01,5.749779930066255956e-02,2.802590028419204779e-02,9.956555103622307962e-04,1.003109015360889728e-01,2.672320113227917571e-02
6.820353087302463146e-01,1.464428288192129168e-01,4.850848037790419370e-02,1.916115577038808929e-02,1.282549542623488909e-03,6.961059438334558924e-02,3.295908237627942494e-02
5.859023440010643347e-01,1.052023449500115587e-01,4.361781952677509788e-02,2.059283456384151945e-02,1.011627024343786721e-03,2.137206501938845871e-01,2.995237974007895071e-02
6.526443952421395744e-01,1.474893484214353234e-01,5.834019483855128196e-02,2.794424315956663130e-02,8.807209756540247854e-04,8.601731613426376322e-02,2.668378122838928335e-02
6.749909690836939369e-01,1.612632502836208181e-01,5.694101476929222527e-02,2.468864023095302535e-02,7.500242838759232705e-04,5.349570697902579497e-02,2.787039436953827470e-02
6.523808104335393487e-01,1.522744206040876069e-01,6.095549368091196518e-02,2.980857469490138384e-02,7.284046253998746698e-04,7.830186715580964019e-02,2.555042880535029690e-02
6.776476571545294592e-01,1.619164735791972787e-01,5.616417344623497038e-02,2.391965800889904112e-02,7.183400847325260461e-04,5.134447429088818959e-02,2.828922343551854707e-02
7.052983627845477166e-01,1.725411967470969754e-01,4.637840079858151360e-02,1.536883400493570424e-02,8.900150656366976514e-04,2.587473965389747166e-02,3.364845094530407449e-02
5.481720909855342105e-01,1.243102380822654757e-01,7.051592387148622465e-02,4.863787905431861402e-02,7.430704262704449121e-04,1.897985796709464879e-01,1.782221790917843524e-02
7.049023791627289093e-01,1.951799727485490077e-01,4.367575248063850640e-02,1.243714134963964588e-02,8.136907147692543606e-04,1.007870947307723877e-02,3.291235407059737300e-02
7.040304623688080632e-01,2.065337393186945092e-01,3.946048253422088786e-02,9.730964455591335424e-03,9.323189330250268277e-04,5.260490407160591311e-03,3.405154198249964875e-02
6.877690119085239084e-01,1.644298872791836175e-01,5.294282552538618486e-02,2.091906709016122870e-02,9.001672674127993721e-04,4.297828140806422142e-02,3.006075952126798650e-02
7.131422469380478413e-01,1.987709558189052761e-01,3.531767909434482128e-02,7.983499099374525773e-03,1.119309817672172781e-03,5.484016502524614346e-03,3.818229272913067213e-02
7.063675045677084707e-01,1.828284537387458997e-01,4.543837789695646945e-02,1.412522773792198455e-02,9.757116891132081027e-04,1.700055469444798628e-02,3.326416967510614775e-02
7.132706064238942822e-01,2.010346391433487367e-01,3.372079650491516256e-02,7.213866994376026166e-03,1.390227296565554839e-03,4.262890507131121033e-03,3.910697312976923329e-02
6.911198534258917725e-01,2.309564312855003354e-01,3.503097276459831572e-02,7.088233344681432041e-03,1.263211384475204906e-03,1.078311703369003866e-03,3.346298609148389003e-02
7.134787159124836853e-01,2.021835264208766414e-01,3.259336129688109041e-02,6.708654954495330523e-03,1.963346863390789780e-03,3.208657504822542885e-03,3.986373704704992277e-02
6.129348073993993173e-01,1.214187250494452031e-01,5.128473998341840506e-02,2.533149297310283155e-02,1.671056466259698142e-03,1.595575937899438579e-01,2.780158433843067656e-02
6.682015754738893643e-01,1.311178853385568388e-01,4.433666733630959450e-02,1.745307574649935037e-02,1.163514056177101207e-03,1.025330021404305403e-01,3.519427990813723400e-02
7.249170609498551965e-01,1.687605795317596580e-01,3.535234011413739691e-02,8.989037471602897428e-03,2.562554159934808760e-03,1.673707858039045690e-02,4.268134919231955648e-02
7.293665660917598714e-01,1.589852526832929991e-01,3.274199017640842813e-02,8.039805057057973492e-03,2.644537769374309243e-03,2.156336273935784836e-02,4.665848548274843799e-02
7.182940493806350135e-01,1.912910025904330791e-01,3.416150333219724472e-02,7.667180383624435172e-03,3.810475936618615365e-03,4.470610042263335922e-03,4.030517833422824631e-02
6.642557717157835384e-01,1.084540931530489083e-01,3.078034935132059613e-02,9.663753964778944855e-03,1.713824442258796068e-03,1.373542622352920961e-01,4.777794513751722205e-02
7.190407325956256201e-01,1.913029988741332954e-01,3.364393233276785633e-02,7.433186163813254241e-03,9.633777254550752057e-04,6.836486790208227103e-03,4.077928551799667872e-02
6.864051028704207802e-01,1.191195220775639330e-01,3.266958391867065548e-02,1.007274733742792756e-02,1.511109233021355096e-03,1.030545218001693020e-01,4.716741276272601313e-02
6.623170481971528689e-01,1.074169961639745569e-01,3.047914705625315648e-02,9.549815232828572087e-03,1.475506589573881379e-03,1.407648091125547896e-01,4.799667764766231415e-02
6.313331642313123604e-01,9.939549192194732652e-02,3.053772069090761668e-02,1.028495751481513405e-02,1.314238180286104963e-03,1.821570667874698457e-01,4.497736067326155163e-02
7.049992096949603271e-01,2.130613385869955245e-01,3.406488233970769719e-02,7.074954082000596903e-03,1.647007024864200137e-03,2.263674388603732768e-03,3.688893388286788866e-02
7.327013083197275733e-01,1.494333584730754283e-01,2.981328974949538566e-02,6.964124792169211660e-03,4.263559238066527528e-03,2.538572461640764902e-02,5.143863481105827307e-02
7.301946361408375719e-01,1.812866764010890308e-01,2.557362787305568833e-02,4.439863373499715153e-03,6.379224589923070642e-03,8.390454726333870317e-04,5.128692614896158963e-02
7.254501304802239980e-01,1.356671480100855587e-01,2.938533369496119235e-02,7.285541847048413594e-03,4.215108681553142445e-03,4.477944502494563689e-02,5.321729226118201983e-02
7.123880992149065339e-01,1.236207948603658263e-01,2.844143422472977453e-02,7.344682097958252567e-03,5.356221902627036034e-03,6.820981088736859099e-02,5.463895681204396920e-02
5.956099243048308400e-01,1.452301308527783608e-01,7.440234575763401970e-02,4.721848535445566375e-02,6.043726285413750926e-03,1.124393702302142750e-01,1.905601721467324247e-02
6.824857984625329888e-01,1.109453482409285124e-01,2.864327789661339982e-02,8.164083011414385860e-03,5.584028630064362224e-03,1.118453120624734731e-01,5.233215169597273814e-02
7.197809305572808736e-01,1.577357076666201785e-01,3.765754771709232257e-02,1.074874662161518640e-02,3.672052859835114435e-03,2.866789581328385919e-02,4.173711876427251000e-02
7.209587398566521532e-01,1.820208671850629401e-01,3.561594862407060913e-02,8.640434656977346445e-03,3.724712499057570257e-03,8.521136105365702609e-03,4.051816107281368262e-02
7.101719214660858759e-01,2.047955182685305409e-01,3.423922914978380638e-02,7.345710467511288450e-03,4.339386819554861240e-03,1.060812361342966352e-03,3.804742146719069379e-02
7.239980602262081621e-01,1.862863717992093437e-01,3.082915168124295696e-02,6.348666112554138090e-03,4.924431441943222416e-03,3.365090330788815011e-03,4.424822840805340413e-02
7.233776307800489080e-01,1.866742259911478852e-01,3.128369078799881492e-02,6.529555064509509101e-03,5.123933582648642661e-03,3.287697186721531481e-03,4.372326660692476413e-02
7.246786563161600192e-01,1.854755386531954098e-01,3.028733758640144227e-02,6.144759696325286999e-03,7.468581658852876948e-03,1.022573541888411675e-03,4.492255254717663487e-02
6.278497155299757049e-01,1.058456061636629114e-01,3.590791670357508514e-02,1.361383694788116661e-02,5.495377543575161519e-03,1.722913143148640247e-01,3.899623279646587115e-02
7.028020425657667269e-01,1.603066963022454217e-01,4.564759634903609725e-02,1.573349237725070460e-02,5.890909073471792615e-03,3.468974421224777643e-02,3.492951911998142672e-02
5.927339915003952964e-01,9.524171863966315876e-02,3.386417608330183349e-02,1.328909176444301350e-02,7.419618572657925640e-03,2.197637809395882047e-01,3.768762249995051550e-02
6.045496684866544790e-01,9.944148653649682867e-02,3.519435592957927822e-02,1.383372096096165300e-02,9.873114010848227373e-03,1.995370988290153802e-01,3.757055524644428018e-02
7.158366935542475051e-01,1.888319321078059942e-01,3.719203607441011472e-02,9.190624512082265149e-03,7.346241435818919897e-03,3.423185014249446271e-03,3.817928730138574200e-02
7.093415890595466955e-01,1.680951418863047830e-01,4.384645834160734446e-02,1.397593728828687779e-02,7.100070099815328738e-03,2.193046130804651717e-02,3.571034201639249062e-02
7.250310266198505271e-01,1.836075270553158278e-01,3.086058072069397876e-02,6.427733485085566044e-03,8.463788684729401518e-03,9.510036981241863510e-04,4.465833973620039060e-02
5.750993239334614149e-01,1.337030055258020544e-01,7.142669340400159550e-02,4.668374827381662623e-02,6.638978174860935867e-03,1.475598258030893783e-01,1.888842488496816560e-02
6.842964473240564782e-01,1.235044200365732481e-01,3.562320831653048581e-02,1.167901118505621470e-02,9.333298173759814118e-03,9.192260235384193401e-02,4.364101261018200201e-02
6.768030034207778156e-01,1.307380173539744450e-01,4.174931080402823763e-02,1.544722683816677176e-02,7.089171304543573533e-03,9.058484049699687402e-02,3.758842978151211156e-02
7.284408305956773244e-01,1.678956139770797773e-01,3.261699307501629563e-02,7.665479551044094252e-03,1.020460017844991400e-02,7.721730322179369554e-03,4.545475230055326388e-02
7.175241730205179636e-01,1.360237793980206555e-01,3.219595115481446029e-02,8.761827921367405791e-03,1.182418901635266112e-02,4.461332763597843781e-02,4.905675185294838814e-02
7.072526481610135196e-01,1.711750730343120641e-01,4.495113809612375638e-02,1.450777758793827220e-02,1.089333683276174150e-02,1.657741311120209185e-02,3.464261317664846240e-02
6.470070425909659750e-01,1.445575255866838049e-01,5.827862874680937028e-02,2.836843021972704215e-02,8.644002690978661030e-03,8.667399673789082104e-02,2.647037342694444004e-02
6.607421431459995498e-01,1.350134771502497222e-01,4.863027698117752123e-02,2.062630102248120059e-02,6.601060775729675548e-03,9.638943062414705165e-02,3.199731030021530503e-02
7.266683843027000878e-01,1.619430050627549134e-01,3.418672347798094868e-02,8.658206162662881317e-03,8.436925258505773711e-03,1.543498158335755363e-02,4.467177415203781726e-02
6.433201736022899908e-01,1.327949131121270443e-01,5.192935367167483135e-02,2.399561213582815725e-02,6.899524694827983105e-03,1.117956590721591731e-01,2.926476371109278801e-02
6.392746321273725663e-01,1.276388271669241792e-01,4.943420510052549954e-02,2.241976318125681739e-02,7.072261792542582602e-03,1.238131777993575350e-01,3.034713283202075326e-02
6.771943830287053823e-01,1.463794011271450923e-01,4.994197722284591384e-02,2.036111106453989544e-02,6.218139227935735522e-03,6.801429377741502469e-02,3.189069455141312071e-02
6.631863178534228576e-01,1.342772655976822438e-01,4.750551453688313386e-02,1.973926301296770325e-02,7.259834076933412497e-03,9.522540563508714861e-02,3.280639928702369645e-02
6.848382292168040397e-01,1.429306233850030083e-01,4.584477398507409013e-02,1.739675028821710892e-02,8.255718931160819021e-03,6.589646561641747391e-02,3.483743857732347210e-02
7.008557855269950121e-01,1.615133486422608011e-01,4.666425113090084953e-02,1.636657014796931778e-02,8.322835381549063827e-03,3.214692066591182812e-02,3.413028850441325590e-02
7.005108001635342863e-01,1.463956765937433346e-01,4.217401356749213986e-02,1.436540690967317430e-02,8.092577478026266244e-03,5.040770568196841633e-02,3.805381960556250553e-02
6.974921436153773691e-01,1.490543529183733784e-01,4.422570992594650890e-02,1.561288713108030350e-02,8.691597592009787238e-03,4.862732424467643144e-02,3.629598457253606358e-02
6.745881502225277160e-01,1.471604243205795193e-01,5.109575527519617105e-02,2.125536851459138010e-02,9.052271674829205292e-03,6.574146343748203669e-02,3.110656655479411906e-02
6.239293941749529671e-01,1.428569050775014004e-01,6.416933490459367229e-02,3.506619623267753089e-02,5.975470504479662125e-03,1.047783373261771817e-01,2.322436177961767836e-02
6.317372319246304935e-01,1.418474523472735283e-01,6.119408709929874401e-02,3.193702662511190005e-02,5.966138922037962644e-03,1.026786200950952077e-01,2.463944298655206325e-02
6.444640120555842344e-01,1.469265202545805560e-01,6.045689478452330456e-02,3.020562211958854534e-02,7.212402518175467514e-03,8.527446248835711395e-02,2.546008577919080598e-02
6.267698409464651510e-01,1.440762946684447099e-01,6.411107602067948885e-02,3.474040486512276066e-02,6.616197201502257465e-03,1.003203692424020493e-01,2.336581705538362877e-02
6.724898763862103834e-01,1.544219003986559702e-01,5.508335887902040401e-02,2.387370861942394312e-02,7.513125859502748326e-03,5.779820200057337459e-02,2.881982785661311997e-02
6.009142230750844638e-01,1.369640811061610675e-01,6.666258031812265228e-02,3.945207691045043985e-02,5.905383335420775516e-03,1.287217957795118162e-01,2.137985947524897318e-02
6.110381991444717720e-01,1.395859656217904587e-01,6.568392624138470748e-02,3.759436120936324871e-02,6.462384133944464731e-03,1.174865419623203761e-01,2.214862168672501741e-02
6.340367880011701374e-01,1.427875429144578878e-01,6.113296371306256582e-02,3.168661886333792865e-02,5.148268357801661678e-03,1.004419050445752026e-01,2.476591310559454404e-02
6.422399662325580794e-01,1.396629117104798701e-01,5.669307479278034440e-02,2.758675560090151357e-02,8.718411673431175971e-03,9.814629263549912164e-02,2.695258735434989325e-02
6.842828261179340066e-01,1.393486689538566969e-01,4.426880243073187671e-02,1.652713901336226587e-02,8.128272877406944597e-03,7.146684862952201733e-02,3.597744197718619197e-02
6.989248700454158136e-01,1.534887716433879778e-01,4.531714812697652806e-02,1.603595529271818060e-02,5.620671732206517467e-03,4.520689952280190771e-02,3.540568363649293504e-02
6.939477452099938048e-01,1.589187098569460055e-01,4.880318049629984306e-02,1.817263185620652394e-02,8.595474362091928139e-03,3.880722177260546857e-02,3.275503644585634616e-02
6.794496581923203937e-01,1.340125515527537670e-01,4.281387683402619604e-02,1.593729456060521965e-02,1.095897848297038533e-02,7.995689558625161675e-02,3.687074479107245450e-02
6.929562853402468914e-01,1.468713589458220392e-01,4.489459091502478322e-02,1.629601852703562587e-02,1.087205302473229912e-02,5.239277401877894674e-02,3.571691922835937283e-02
7.015154613803551431e-01,1.673846222556090169e-01,4.735116669631983521e-02,1.641066416845122361e-02,1.091796716894173451e-02,2.310232266185436104e-02,3.331779566846875679e-02
6.879753436663618160e-01,1.585166729125179474e-01,5.093815273662878618e-02,1.988824628232322908e-02,1.034649981608318746e-02,4.098088342688734759e-02,3.135420115919775735e-02
6.866900674540814542e-01,1.545990785764202180e-01,5.008624063022344697e-02,1.959475093406804966e-02,1.038770418017060521e-02,4.670298184770699940e-02,3.193917637732913289e-02
6.965176765798600789e-01,1.645438203676154731e-01,4.907379633940328612e-02,1.789105329809662082e-02,1.064148387705511449e-02,2.897409407624849942e-02,3.235807546172098093e-02
7.038284268703862701e-01,1.811318769459994149e-01,4.658575513160447684e-02,1.496813608916438068e-02,1.184245114253762964e-02,8.996302664790539749e-03,3.264705115551728987e-02
6.646432293262133362e-01,1.514697577063160439e-01,5.636725886497850196e-02,2.544450909841351055e-02,9.726338290461383415e-03,6.437767567340281494e-02,2.797123104021442125e-02
6.746971084740925884e-01,1.274388179106057117e-01,4.030541639809372828e-02,1.467974422888610603e-02,1.177051649503506846e-02,9.246883773909603255e-02,3.863955875419072816e-02
6.944269425089302228e-01,1.557249095550593820e-01,4.758881122659762430e-02,1.753378235499552032e-02,1.130122189677165018e-02,3.977864470958379639e-02,3.364568774806189766e-02
7.043624528251359873e-01,1.694204252469365402e-01,4.626178479184808040e-02,1.550469497957498305e-02,1.068454890711019283e-02,1.986627351833674532e-02,3.389981973105742064e-02
6.987407264073108859e-01,1.689419870721158290e-01,4.880702288250580306e-02,1.733939482743934030e-02,1.160142558280498684e-02,2.228936429073326980e-02,3.228007893708985387e-02
7.052684551075150132e-01,1.394888637433994161e-01,3.765160053505696436e-02,1.183295503340018803e-02,1.477034522994833191e-02,4.859264818402100894e-02,4.239513216665908441e-02
6.537288633596646248e-01,1.184342919321990234e-01,3.955690758515566230e-02,1.505202005525848111e-02,1.202534590700803617e-02,1.233208595138787084e-01,3.788171164683545866e-02
7.007305237413489207e-01,1.472367618211836982e-01,4.233487379024954145e-02,1.441325991379103361e-02,1.173252479736006972e-02,4.566675417805127896e-02,3.788530175801545219e-02
6.365543730866531913e-01,1.095538206939762338e-01,3.691541599580108052e-02,1.397818017009428912e-02,1.146859900743997518e-02,1.527170834414925960e-01,3.881252760454256129e-02
5.711932208122443289e-01,8.856322337262673150e-02,3.183694439236010865e-02,1.251185970529533793e-02,7.436093918737455427e-03,2.509457973936484732e-01,3.751286040508745867e-02
6.993224516752865050e-01,1.586678214609512083e-01,4.654719768965819016e-02,1.650944944890421137e-02,1.059107585997927196e-02,3.404684583973868056e-02,3.431515802548199684e-02
6.702878566355389145e-01,1.341953664418915615e-01,4.547741150712093783e-02,1.803921925544109406e-02,9.450202322218770323e-03,8.806420677916101947e-02,3.448573705862773703e-02
7.013748453263317639e-01,1.597599177266303405e-01,4.596779204906775718e-02,1.600510881271073604e-02,1.105555406683137593e-02,3.115148577375977113e-02,3.468529624466823447e-02
7.113290729518585431e-01,1.685647015743575727e-01,4.270642720444592366e-02,1.321825238749440960e-02,1.171273709897874792e-02,1.599995371102692909e-02,3.646885507183795366e-02
7.111272724543438173e-01,1.683115478879405602e-01,4.279240558100586705e-02,1.328754237499529811e-02,1.177567193643075036e-02,1.627825665782293638e-02,3.642730310746084693e-02
6.647894449129990724e-01,1.196679615518711076e-01,3.786674648252871117e-02,1.362097869315612164e-02,1.239430899462452829e-02,1.115326847648475395e-01,4.012787459997278067e-02
6.889205082910252465e-01,1.611252412542495127e-01,5.135230583055246795e-02,1.996444539062235818e-02,1.029581322608665028e-02,3.729699646035524591e-02,3.104468954710862261e-02
6.418483766583780170e-01,1.168536691209179496e-01,4.111854879535298268e-02,1.651332071139316113e-02,9.200126050425867785e-03,1.386592579243379475e-01,3.580670073919409863e-02
7.104802936171021877e-01,1.794886189785030173e-01,4.286028936196582123e-02,1.271392513919602368e-02,1.213277652751382218e-02,7.093176504926839571e-03,3.523091987079232656e-02
7.104779241050213079e-01,1.745843354978366957e-01,4.327245561485663916e-02,1.322907054587633621e-02,1.086007294621932004e-02,1.209243194369663717e-02,3.548370934649296149e-02
7.116921740606717561e-01,1.623231806519227771e-01,4.196132055018782919e-02,1.311834932977028710e-02,1.000819094333018668e-02,2.331850491444498186e-02,3.757827954967223744e-02
7.100296958944364301e-01,1.765638531863282235e-01,4.344488792878336419e-02,1.322667728500734330e-02,1.064378069836136552e-02,1.093086797703462024e-02,3.516023703004865497e-02
7.166395509899551319e-01,1.762097605461586391e-01,3.942642504864863479e-02,1.087269476657769067e-02,1.244075887173975992e-02,6.281283245542560595e-03,3.812952653137756387e-02
7.032595650050380565e-01,1.758881591782103515e-01,4.716988843279550786e-02,1.568811099304291690e-02,9.815017378836221607e-03,1.538673728444588974e-02,3.279252172763104378e-02
7.093870351874840274e-01,1.685202277678764793e-01,4.376569944402790985e-02,1.389804578370123188e-02,9.582489534364177497e-03,1.913298053249019512e-02,3.571352175005597374e-02
6.658143207981951361e-01,1.136727738534543536e-01,3.377974188877376494e-02,1.124338758242803514e-02,1.055620872039880059e-02,1.206296820758840788e-01,4.430388508086589849e-02
7.015239525039949076e-01,1.646904148288978742e-01,4.695433363929343157e-02,1.633033774810341981e-02,9.981911090304886394e-03,2.676590828746783571e-02,3.375314190193760139e-02
6.351218815626402669e-01,1.163131229785680926e-01,4.220725238185910749e-02,1.751274918002383371e-02,8.857014304124622914e-03,1.454561306040599022e-01,3.453184898872429381e-02
7.256404759802288496e-01,1.680133130983978984e-01,3.434874663335167611e-02,8.509363257024518679e-03,1.424194382403728282e-02,5.606673423646017090e-03,4.363948378331366368e-02
